##Delta: 2.603999999999999	Interval: 43.084-49.594
43.084,0.0013662858093478822
43.086,0.0017135541306753724
43.088,0.0018499592978276393
43.09,0.0013286030290864045
43.092,0.001389551598177944
43.094,0.0016114767833240243
43.096,0.0009647166164926946
43.098,0.0008385082705111152
43.1,0.0007246624147099548
43.102,0.0010322303407975138
43.104,0.0010419979338886776
43.106,0.0006047190761013198
43.108,0.0010856736115912938
43.11,0.0006107082046942561
43.112,0.000867220267997619
43.114,0.0011237930972056859
43.116,0.0006230575124982728
43.118,0.0008414737486406136
43.12,0.0005019614260123283
43.122,0.0005963009242337981
43.124,0.0001563461294189078
43.126,0.000559915782826402
43.128,0.00025578941492580484
43.13,-9.819838886829246e-05
43.132,0.0006274330907248236
43.134,0.00012465529226659763
43.136,-0.00015551852749971437
43.138,-3.829785908360944e-05
43.14,0.0001902374573550837
43.142,-0.00035124543532650057
43.144,-7.363298068480822e-05
43.146,-0.00041653152237617133
43.148,-0.0003259004410199849
43.15,-0.000569588977375482
43.152,-0.00016850090766643705
43.154,-0.0005125327853394077
43.156,-0.0006080684465582242
43.158,-0.0009022911880261913
43.16,-0.0008743612395135311
43.162,-0.0006853077019193521
43.164,-0.0008437156002186787
43.166,-0.001312522966379532
43.168,-0.0007886836865158078
43.17,-0.0009722297586295045
43.172,-0.0017394098840193203
43.174,-0.0007073087779699699
43.176,-0.0016106558410808533
43.178,-0.0017449793151102164
43.18,-0.0014944552839741415
43.182,-0.001753016604815482
43.184,-0.0021603923785333407
43.186,-0.0015999454223105392
43.188,-0.0016723740178653523
43.19,-0.002390087965397591
43.192,-0.0014330172249472015
43.194,-0.001902845093217493
43.196,-0.0022484750167619007
43.198,-0.0023832193931828255
43.2,-0.0021706764942085455
43.202,-0.0021446056904684298
43.204,-0.0014854784305139215
43.206,-0.002079908290768595
43.208,-0.002277451744758935
43.21,-0.0022886476835938287
43.212,-0.002510906776603934
43.214,-0.002262126436376681
43.216,-0.002075322507067899
43.218,-0.001925262131534742
43.22,-0.002247035809277702
43.222,-0.0018739619818552294
43.224,-0.0023814415084081712
43.226,-0.0023558196336917747
43.228,-0.002143727196866889
43.23,-0.0020805598722591773
43.232,-0.002278972684843672
43.234,-0.0018436581820729138
43.236,-0.0019049909993115455
43.238,-0.001792886091604523
43.24,-0.0016058238785322532
43.242,-0.0019895859285263204
43.244,-0.0016792944693589384
43.246,-0.001368198671859288
43.248,-0.0012432279865768163
43.25,-0.0014165046213037297
43.252,-0.0014153008737423298
43.254,-0.0017987115790574458
43.256,-0.0013021165474388918
43.258,-0.0010285749497158415
43.26,-0.001251010562112062
43.262,-0.0010270217862259623
43.264,-0.0003812845461334674
43.266,-0.0007642678328435674
43.268,-0.0004783073906120018
43.27,-0.0002410063263318836
43.272,-0.000810489754888323
43.274,-0.00021397351044715254
43.276,0.0003082522071914222
43.278,-0.00018707030427029744
43.28,0.00021085474937347984
43.282,0.00013781319229858036
43.284,0.0009207571823471594
43.286,0.0006987769193194243
43.288,0.0011968522433752037
43.29,0.0011244131245444766
43.292,0.0008777275548352351
43.294,0.001785669340441283
43.296,0.0014902116581857923
43.298,0.0019018155969798556
43.3,0.0014829123056746274
43.302,0.0021800617043500198
43.304,0.002107849667131907
43.306,0.00185044106914517
43.308,0.0023495949613388557
43.31,0.002042187417639039
43.312,0.0024171034630207505
43.314,0.0026309289815998615
43.316,0.002782740047302463
43.318,0.003307406710078585
43.32,0.002802126052845324
43.322,0.0030904459277505264
43.324,0.0032056842169120824
43.326,0.0033951362949553553
43.328,0.0037084880360062286
43.33,0.0038986812482565067
43.332,0.004175313893744148
43.334,0.004426960328113513
43.336,0.004108239292623345
43.338,0.0041370418462146966
43.34,0.004327129946929527
43.342,0.004790859518843768
43.344,0.004162046955563804
43.346,0.005108967781565166
43.348,0.0048160070218228705
43.35,0.004845322009004258
43.352,0.005259384511341097
43.354,0.005288845817544668
43.356,0.00500825549804455
43.358,0.0055092878984950855
43.36,0.006382629772143027
43.362,0.005444586293813551
43.364,0.00594559033063952
43.366,0.006533926028475089
43.368,0.006191353317390177
43.37,0.006631084904677502
43.372,0.006623682428698693
43.374,0.00681527445089232
43.376,0.006721614847382252
43.378,0.006938424946839824
43.38,0.007378460363650648
43.382,0.006690041567345189
43.384,0.007378186120361011
43.386,0.007061319677043779
43.388,0.007787071647982886
43.39,0.0077312480671443765
43.392,0.008171833959503275
43.394,0.007855929325059584
43.396,0.008420500437539571
43.398,0.008613775848391788
43.4,0.008732574848325528
43.402,0.00921063978499314
43.404,0.008672160308744271
43.406,0.0089514873985999
43.408,0.009368056828785803
43.41,0.009053072045855433
43.412,0.009594072810048537
43.414,0.009899236064422067
43.416,0.009559831848936062
43.418,0.009939976007746359
43.42,0.009848966822571251
43.422,0.009919218399304836
43.424,0.010100660697987079
43.426,0.01041902228005654
43.428,0.010390293325333397
43.43,0.010485811026624842
43.432,0.010966138201113692
43.434,0.010739365038610144
43.436,0.011058030440213085
43.438,0.011538775354973482
43.44,0.01141168104163258
43.442,0.011792839408282293
43.444,0.01211270207330423
43.446,0.011427603312422686
43.448,0.011833780288474809
43.45,0.012376914589872192
43.452,0.012089109653178266
43.454,0.012136277006864569
43.456,0.012953162774807216
43.458,0.012678385388574649
43.46,0.012676184608406617
43.462,0.012811201383354068
43.464,0.012722841747383053
43.466,0.013006768527666378
43.468,0.01369998085507319
43.47,0.013773178729603475
43.472,0.013276146317091415
43.474,0.013064152468685846
43.476,0.013410953118452716
43.478,0.013732815389269133
43.48,0.013893786274142103
43.482,0.014241090548296396
43.484,0.013657176613330414
43.486,0.01451300414956384
43.488,0.0147362180920616
43.49,0.014797684724539982
43.492,0.014624368045999987
43.494,0.015071237779718343
43.496,0.015294260204416318
43.498,0.01520777711629772
43.5,0.015121664599278623
43.502,0.014712691513498886
43.504,0.015829479192624854
43.506,0.015458000266027151
43.508,0.01586812014429518
43.51,0.016005896475680702
43.512,0.016267696396147745
43.514,0.01583449770899301
43.516,0.016282122610919804
43.518,0.01640784114288716
43.52,0.016037159341658308
43.522,0.016832687874965536
43.524,0.016524091290960677
43.526,0.01635220417925412
43.528,0.01698656544084487
43.53,0.01698844942838028
43.532,0.016630942025976238
43.534,0.017167400884981386
43.536,0.016983850465935188
43.538,0.01706108473487162
43.54,0.017386528477005454
43.542,0.017240410785243788
43.544,0.016994867976269937
43.546,0.017444643584549432
43.548,0.01736043469999238
43.55,0.017500157486434922
43.552,0.018098865820000948
43.554,0.017606208411979168
43.556,0.01717546392370824
43.558,0.017811653693849506
43.56,0.017703828151973387
43.562,0.01737266424113684
43.564,0.017252733719581612
43.566,0.017480311812082937
43.568,0.017211417799360085
43.57,0.017414528085009463
43.572,0.017543076944755355
43.574,0.017435664368607745
43.576,0.017787894132790406
43.578,0.017395612890649993
43.58,0.017251008254574117
43.582,0.01731769897581154
43.584,0.017422023096320287
43.586,0.01733965119552095
43.588,0.017319860526160778
43.59,0.017213391727600412
43.592,0.017379723451188503
43.594,0.017049903549072896
43.596,0.017427020492782077
43.598,0.017543699067530817
43.6,0.01695338797461782
43.602,0.01752957136988725
43.604,0.016753207455137302
43.606,0.017242489327271075
43.608,0.016652334548726132
43.61,0.017042078574047922
43.612,0.016898670114525168
43.614,0.017040709170157854
43.616,0.016389081615071865
43.618,0.016593205021694778
43.62,0.016412652876540063
43.622,0.016989085419367975
43.624,0.016846313319509185
43.626,0.01698908873480583
43.628,0.01666020271420898
43.63,0.016542400522453895
43.632,0.016486746704995114
43.634,0.016344130592501976
43.636,0.01648743202513431
43.638,0.015811562221673344
43.64,0.01554516471858261
43.642,0.016246675819558423
43.644,0.016166734435689674
43.646,0.015801616640902454
43.648,0.01603198439323871
43.65,0.015853322717673476
43.652,0.015587785490330623
43.654,0.01601713295097039
43.656,0.01612431381088149
43.658,0.015598731516617368
43.66,0.015557282611634572
43.662,0.015751296196832194
43.664,0.014766971413069391
43.666,0.016040902216390106
43.668,0.015801518576824304
43.67,0.015599048716150216
43.672,0.016178313113888326
43.674,0.01565366305874991
43.676,0.015575264824461251
43.678,0.015882678970462912
43.68,0.01511032273951212
43.682,0.015752361865874625
43.684,0.015017809606293678
43.686,0.015846442034695346
43.688,0.015050260010220497
43.69,0.01556914941698502
43.692,0.01559192437087302
43.694,0.015130575940815568
43.696,0.015687083097841635
43.698,0.015474389917875295
43.7,0.015782907080237243
43.702,0.015359794804707675
43.704,0.015122905259118781
43.706,0.015270602129784226
43.708,0.015132984547573156
43.71,0.01543054561937868
43.712,0.015255899141404582
43.714,0.015814118050713807
43.716,0.015454274674978678
43.718,0.01544197794526813
43.72,0.015715165903540204
43.722,0.01592671203630838
43.724,0.015815086932983263
43.726,0.015927802441716682
43.728,0.015916912438632528
43.73,0.015719871678975556
43.732,0.015832868624284215
43.734,0.016108253993839236
43.736,0.016407620295133124
43.738,0.01611270069499904
43.74,0.016140242745884544
43.742,0.01631689340083658
43.744,0.016741643768746272
43.746,0.01607537536809512
43.748,0.016289730556525495
43.75,0.016777233210161266
43.752,0.016830919692638807
43.754,0.016735530663298765
43.756,0.01703776002823505
43.758,0.016806774920314793
43.76,0.016935636478399133
43.762,0.017077777569620946
43.764,0.016983758034140064
43.766,0.01738606208774071
43.768,0.01690840761254075
43.77,0.017113572430718028
43.772,0.017169526272542264
43.774,0.017101999407743717
43.776,0.017443858070088636
43.778,0.016942463398438152
43.78,0.017371455153032032
43.782,0.017081441325878258
43.784,0.017486088350543275
43.786,0.017519154568685417
43.788,0.017539634585699293
43.79,0.01706418524474174
43.792,0.017470364088270306
43.794,0.017528709677723554
43.796,0.017809869965149435
43.798,0.017558818676821672
43.8,0.017742039728824183
43.802,0.017429184369908216
43.804,0.018109223529144697
43.806,0.017834061402337828
43.808,0.01722376262485225
43.81,0.01785451950438026
43.812,0.017294400772190587
43.814,0.01694581292178973
43.816,0.017564674234895973
43.818,0.017352372423797023
43.82,0.01665610828769368
43.822,0.016903324583828705
43.824,0.016530612321193103
43.826,0.016678576594691973
43.828,0.01690074058114849
43.83,0.01665219818665656
43.832,0.016018919141485906
43.834,0.016527123925157025
43.836,0.016365452297909658
43.838,0.01586915301099257
43.84,0.015955901189280877
43.842,0.01580666316644092
43.844,0.015546629451963206
43.846,0.01574561932656701
43.848,0.015175322100941652
43.85,0.01515071220066155
43.852,0.015238481733618813
43.854,0.014519541988524731
43.856,0.014644496761583112
43.858,0.01524071408476196
43.86,0.013678158393625735
43.862,0.013890021995866739
43.864,0.013928110086290166
43.866,0.0135816349526083
43.868,0.013557931260155809
43.87,0.01358416094699463
43.872,0.013151079657480417
43.874,0.01305242715185291
43.876,0.012867393939602633
43.878,0.012210588612138178
43.88,0.011963069710918081
43.882,0.012522370103075203
43.884,0.01161793204635182
43.886,0.011619364631657008
43.888,0.011112010116733032
43.89,0.011025971098982481
43.892,0.010779126599384386
43.894,0.011152282611944737
43.896,0.010644737438361838
43.898,0.010211244924789531
43.9,0.010497770805493557
43.902,0.009519206189365012
43.904,0.009557617310170137
43.906,0.009558467904172672
43.908,0.008964264265078903
43.91,0.008927875224057667
43.912,0.00884228070118889
43.914,0.0083718388383307
43.916,0.0078020586264920914
43.918,0.0075176267789597885
43.92,0.007022169869160353
43.922,0.0069985082767141694
43.924,0.0067391454981247274
43.926,0.006529493021903528
43.928,0.0064312171817168945
43.93,0.005675402992549851
43.932,0.005651264540316475
43.934,0.00473423469214964
43.936,0.00493338148001737
43.938,0.004773061647176412
43.94,0.0038690362325878094
43.942,0.003671538802685125
43.944,0.0037722986281976296
43.946,0.0033019483764579922
43.948,0.0032031029325810915
43.95,0.002298153705158342
43.952,0.002274251143740195
43.954,0.001989909334240734
43.956,0.00110993087406255
43.958,0.0003295229560128475
43.96,0.0002931907748968121
43.962,-0.00014046477018465203
43.964,-0.0005861488740367474
43.966,-0.0005853713268692516
43.968,-0.001328684376434422
43.97,-0.0021094464642906936
43.972,-0.0017741938541743392
43.974,-0.0020220416310004347
43.976,-0.002678694889674073
43.978,-0.0033107236601652955
43.98,-0.00343374382658998
43.982,-0.0036813484958412336
43.984,-0.0046232693362507245
43.986,-0.004808702951215056
43.988,-0.005502514675399563
43.99,-0.005464439973339712
43.992,-0.005748866457423108
43.994,-0.006306231290486925
43.996,-0.0066899469600436474
43.998,-0.0065649779016576995
44.0,-0.007903970269175251
44.002,-0.007753806180478412
44.004,-0.0083729663548479
44.006,-0.008818317026049953
44.008,-0.008593768883395258
44.01,-0.009026982166644056
44.012,-0.009683409123548588
44.014,-0.009781390213649325
44.016,-0.009941408853529676
44.018,-0.010660137670562274
44.02,-0.011130470271140723
44.022,-0.011662084377542738
44.024,-0.011499360808949149
44.026,-0.012192066698227083
44.028,-0.012687129717704217
44.03,-0.012623808009238686
44.032,-0.013341937936466859
44.034,-0.01325358233655157
44.036,-0.013748327922779534
44.038,-0.01456530206777812
44.04,-0.014625651724594289
44.042,-0.015157315854266993
44.044,-0.01531710424700603
44.046,-0.015502139979734472
44.048,-0.016183220085419357
44.05,-0.01681408179682791
44.052,-0.016589542786287804
44.054,-0.016935404372480367
44.056,-0.017752513168792203
44.058,-0.017651906228170373
44.06,-0.018059778985180304
44.062,-0.018405471789472348
44.064,-0.018590513072614938
44.066,-0.018998277899543135
44.068,-0.019095909137389813
44.07,-0.019652476786154966
44.072,-0.019812204721962472
44.074,-0.020405920417339806
44.076,-0.02028048708907018
44.078,-0.020464644467423333
44.08,-0.02099650714780385
44.082,-0.020747076928413537
44.084,-0.02115500118187976
44.086,-0.02162503094716356
44.088,-0.021424805395094115
44.09,-0.021894255115082004
44.092,-0.022401386950284076
44.094,-0.02221374848311791
44.096,-0.022608848574722368
44.098,-0.022607604657664888
44.1,-0.022866936352325087
44.102,-0.023461251171190474
44.104,-0.023645857835539772
44.106,-0.023234983747970388
44.108,-0.02382926496242837
44.11,-0.024199734495896737
44.112,-0.024074436594129736
44.114,-0.024482230088296197
44.116,-0.02410822497839612
44.118,-0.02439211720848545
44.12,-0.0248618009973454
44.122,-0.025232535987333625
44.124,-0.025168962412216344
44.126,-0.025663980239026534
44.128,-0.025513502710521437
44.13,-0.026070335220307446
44.132,-0.025783955318834106
44.134,-0.026476757984123404
44.136,-0.026785466889502004
44.138,-0.026474168057946938
44.14,-0.026720908985961696
44.142,-0.027190640085134693
44.144,-0.027313535687134252
44.146,-0.02716318790984251
44.148,-0.027633356333679027
44.15,-0.027470747192410046
44.152,-0.028040205151370234
44.154,-0.02857197575501513
44.156,-0.028781522659688395
44.158,-0.028346067913342078
44.16,-0.029002449817674476
44.162,-0.029559516094963312
44.164,-0.02949610580614765
44.166,-0.02955683580437434
44.168,-0.029555955979753277
44.17,-0.02993903492369305
44.172,-0.029689608929899948
44.174,-0.030371230515856492
44.176,-0.03065482277846578
44.178,-0.03065394888456098
44.18,-0.030615930602373855
44.182,-0.030366733616220092
44.184,-0.031122506117907886
44.186,-0.03184141685868598
44.188,-0.031282029105287656
44.19,-0.03134288502554507
44.192,-0.03202463887520247
44.194,-0.03171299772718694
44.196,-0.03189795675632366
44.198,-0.03234370198658865
44.2,-0.03249180282857131
44.202,-0.0328753222293246
44.204,-0.03265093600303433
44.206,-0.03273594228156863
44.208,-0.03220126261337905
44.21,-0.03299400049496908
44.212,-0.03332771991235272
44.214,-0.03342592165474075
44.216,-0.033647854793062246
44.218,-0.03342298126537913
44.22,-0.03383052833442869
44.222,-0.033953036829381736
44.224,-0.03405029274424427
44.226,-0.033639415999096214
44.228,-0.034047153726804696
44.23,-0.0345166500132838
44.232,-0.033819983509882176
44.234,-0.03431429455626017
44.236,-0.03428712108448572
44.238,-0.03484296879885452
44.24,-0.034939674272793146
44.242,-0.034651583080727175
44.244,-0.03499645525262663
44.246,-0.03505564688239761
44.248,-0.03508966797004011
44.25,-0.03533437432973995
44.252,-0.03564124346399464
44.254,-0.035352581746430536
44.256,-0.03557290349273196
44.258,-0.035792538782819
44.26,-0.035875540693614726
44.262,-0.03597100482951474
44.264,-0.036624385136573
44.266,-0.03618556033606821
44.268,-0.036925458899528855
44.27,-0.036920711696085795
44.272,-0.03654346827618859
44.274,-0.037568534134342725
44.276,-0.03737724433548327
44.278,-0.03690017330518465
44.28,-0.03740333722726306
44.282,-0.03801784389392626
44.284,-0.03763986413434511
44.286,-0.038290742903564566
44.288,-0.038755683897888304
44.29,-0.038562568435997646
44.292,-0.03865476654786264
44.294,-0.03904495175995679
44.296,-0.03916117162472767
44.298,-0.03909162814017726
44.3,-0.03967901491269917
44.302,-0.039013962311923785
44.304,-0.0396629549532357
44.306,-0.040101161168303256
44.308,-0.03946026687121237
44.31,-0.04043151611790709
44.312,-0.040571914402892914
44.314,-0.04047608010778823
44.316,-0.04059097437145416
44.318,-0.041238959231852765
44.32,-0.041104962860812194
44.322,-0.04040071372986094
44.324,-0.04155681883200599
44.326,-0.041162251693720855
44.328,-0.041288437889431116
44.33,-0.04212125354301291
44.332,-0.0414776225305901
44.334,-0.042508358138875976
44.336,-0.04255878504319522
44.338,-0.042634373473318055
44.34,-0.04262297627639733
44.342,-0.043144732413472005
44.344,-0.042537169357069554
44.346,-0.04312097751678039
44.348,-0.04317038306643067
44.35,-0.043071225266759675
44.352,-0.04365418193994521
44.354,-0.04366606887020308
44.356,-0.04331817027331748
44.358,-0.043392195939498224
44.36,-0.043788265149464566
44.362,-0.04396000617494479
44.364,-0.04369852820674809
44.366,-0.044788593782337
44.368,-0.044141416188424806
44.37,-0.04418912479564088
44.372,-0.044807038884704505
44.374,-0.044593704609461826
44.376,-0.044839123668214555
44.378,-0.04541948107594769
44.38,-0.04483356714235156
44.382,-0.04510305869060297
44.384,-0.045373183393029606
44.386,-0.04560536582505603
44.388,-0.04571370968298595
44.39,-0.04582137400777841
44.392,-0.04590413951871412
44.394,-0.04597411051149737
44.396,-0.04630474293018412
44.398,-0.046138556954594546
44.4,-0.04604662431300036
44.402,-0.04697161943097601
44.404,-0.04633318286796204
44.406,-0.04621623080777465
44.408,-0.04726494536829594
44.41,-0.04652689018588954
44.412,-0.046669896429386654
44.414,-0.0466510090538322
44.416,-0.04718996352376167
44.418,-0.0466748041948194
44.42,-0.04702751228578662
44.422,-0.047070258725734254
44.424,-0.046641382475701265
44.426,-0.04740317194727606
44.428,-0.04725899087672238
44.43,-0.047338186217087186
44.432,-0.04713183409224658
44.434,-0.04742115028641637
44.436,-0.047400541093302835
44.438,-0.047007461358060824
44.44,-0.047457349941829194
44.442,-0.04743591413731525
44.444,-0.04750084575271079
44.446,-0.04747860682597785
44.448,-0.04745700105342014
44.45,-0.04774503802544723
44.452,-0.047635581378422776
44.454,-0.04802246128217694
44.456,-0.04818604327117525
44.458,-0.047530059013749376
44.46,-0.04804029901938983
44.462,-0.047806190660724
44.464,-0.0483409975741155
44.466,-0.04794554293638752
44.468,-0.04839323026578332
44.47,-0.048580517595179125
44.472,-0.04837080492457493
44.474,-0.04847129225397073
44.476,-0.04879497958336654
44.478,-0.04895746691276234
44.48,-0.048561654242158137
44.482,-0.048947441571553944
44.484,-0.048638528900949746
44.486,-0.04873891623034555
44.488,-0.048628503559741354
44.49,-0.04941119088913716
44.492,-0.04926357821853296
44.494,-0.04921506554792876
44.496,-0.04943955287732457
44.498,-0.04916784020672037
44.5,-0.049454427536116174
44.502,-0.04940601486551198
44.504,-0.04963040219490778
44.506,-0.049755689524303585
44.508,-0.049198676853699386
44.51,-0.049311564183095194
44.512,-0.049064651512490995
44.514,-0.0493511388418868
44.516,-0.049364726171282604
44.518,-0.04958921350067841
44.52,-0.04940430083007421
44.522,-0.04972808815947001
44.524,-0.049009775488865814
44.526,-0.04939556281826162
44.528,-0.049161050147657426
44.53,-0.04913743747705323
44.532,-0.049014524806449036
44.534,-0.049425112135844836
44.536,-0.04871919946524064
44.538,-0.048980986794636444
44.54,-0.048796074124032245
44.542,-0.048797261453428054
44.544,-0.04864964878282385
44.546,-0.04831583611221966
44.548,-0.048230223441615455
44.55,-0.04798331077101126
44.552,-0.04781089810040706
44.554,-0.04768798542980286
44.556,-0.04766437275919867
44.558,-0.04761596008859448
44.56,-0.04673644741799028
44.562,-0.04681213474738608
44.564,-0.046912522076781885
44.566,-0.04672760940617769
44.568,-0.04620789673557349
44.57,-0.04624628406496929
44.572,-0.0459745713943651
44.574,-0.0456656587237609
44.576,-0.045269846053156704
44.578,-0.04498573338255251
44.58,-0.04516062071194832
44.582,-0.044727708041344114
44.584,-0.04438159537073992
44.586,-0.04417188270013572
44.588,-0.04453277002953153
44.59,-0.04365325735892733
44.592,-0.04360484468832314
44.594,-0.04319673201771894
44.596,-0.043557619347114745
44.598,-0.04261610667651054
44.6,-0.04250559400590635
44.602,-0.04209748133530215
44.604,-0.04221026866469796
44.606,-0.04196345599409376
44.608,-0.04134434332348956
44.61,-0.04128353065288537
44.612,-0.041073917982281175
44.614,-0.04045480531167697
44.616,-0.04055529264107278
44.618,-0.040382779970468574
44.62,-0.03978856729986438
44.622,-0.039194354629260186
44.624,-0.03879864195865599
44.626,-0.03868812928805179
44.628,-0.03828001661744759
44.63,-0.0377602039468434
44.632,-0.0373520912762392
44.634,-0.037241578605635005
44.636,-0.03658536593503081
44.638,-0.03637565326442661
44.64,-0.035756640593822414
44.642,-0.035422927923218224
44.644,-0.03546131525261403
44.646,-0.03533850258200983
44.648,-0.03471948991140563
44.65,-0.03426167724080144
44.652,-0.03405196457019724
44.654,-0.034214451899593046
44.656,-0.033781439228988845
44.658,-0.033038426558384654
44.66,-0.032890713887780455
44.662,-0.032135301217176254
44.664,-0.03221088854657206
44.666,-0.031405785875967866
44.668,-0.031096873205363668
44.67,-0.031011230534759474
44.672,-0.030454227864155275
44.674,-0.02983519519355108
44.676,-0.029836392522946883
44.678,-0.028845219852342688
44.68,-0.028660347181738488
44.682,-0.028922044511134292
44.684,-0.028116941840530096
44.686,-0.027721189169925897
44.688,-0.0272510064993217
44.69,-0.027202583828717503
44.692,-0.02667039115811331
44.694,-0.02611337848750911
44.696,-0.026189005816904913
44.698,-0.025718823146300716
44.7,-0.02542231047569652
44.702,-0.024865297805092324
44.704,-0.02430829513448813
44.706,-0.023937352463883933
44.708,-0.023504389793279738
44.71,-0.02350558712267554
44.712,-0.023233874452071344
44.714,-0.023086221781467145
44.716,-0.02281451911086295
44.718,-0.022480786440258756
44.72,-0.022606033769654556
44.722,-0.02192497509905036
44.724,-0.021839339428446163
44.726,-0.021877749757841968
44.728,-0.021221503087237772
44.73,-0.021830524416633575
44.732,-0.020963399746029378
44.734,-0.020877763975425182
44.736,-0.020531632404820987
44.738,-0.02066927873421679
44.74,-0.019951010063612593
44.742,-0.0201878933930084
44.744,-0.0200650437224042
44.746,-0.019508039051800003
44.748,-0.019831749381195807
44.75,-0.01949802371059161
44.752,-0.01915189103998741
44.754,-0.019537628369383216
44.756,-0.01907985569877902
44.758,-0.01864689302817482
44.76,-0.018871370357570624
44.762,-0.018847757686966428
44.764,-0.018675295016362232
44.766,-0.018899772345758035
44.768,-0.01896298967515384
44.77,-0.018281937004549643
44.772,-0.018729694333945446
44.774,-0.018743291663341252
44.776,-0.018273118992737054
44.778,-0.018249506322132857
44.78,-0.018796503651528663
44.782,-0.018487580980924467
44.784,-0.018501188310320268
44.786,-0.01831631563971607
44.788,-0.017920562969111875
44.79,-0.01836833029850768
44.792,-0.018617617627903482
44.794,-0.018321104957299286
44.796,-0.01932706828669509
44.798,-0.019018149616090895
44.8,-0.0189325169454867
44.802,-0.019603559274882502
44.804,-0.018637201604278304
44.806,-0.01896090893367411
44.808,-0.019880049263069913
44.81,-0.019980482492465715
44.812,-0.019237403921861518
44.814,-0.01954871525125732
44.816,-0.019909644480653126
44.818,-0.020506260910048927
44.82,-0.02060669423944473
44.822,-0.020521058568840532
44.824,-0.020373399898236336
44.826,-0.02100723222763214
44.828,-0.021020829557027942
44.83,-0.020773936886423747
44.832,-0.02091158421581955
44.834,-0.021322131545215353
44.836,-0.02098839887461116
44.838,-0.021597426204006964
44.84,-0.022132013533402765
44.842,-0.02167424086279857
44.844,-0.022494148192194374
44.846,-0.022904695521590177
44.848,-0.02238489285098598
44.85,-0.023179990180381783
44.852,-0.02346648750977759
44.854,-0.02315757483917339
44.856,-0.023444072168569193
44.858,-0.023891829497965
44.86,-0.0235332968273608
44.862,-0.024167124156756606
44.864,-0.02463970148615241
44.866,-0.024616088815548214
44.868,-0.025039036144944016
44.87,-0.02526351347433982
44.872,-0.025301930803735623
44.874,-0.026121828133131426
44.876,-0.02575088546252723
44.878,-0.026235862791923033
44.88,-0.02686969012131884
44.882,-0.027193407450714642
44.884,-0.027442694780110445
44.886,-0.027493512109506242
44.888,-0.02765596943890205
44.89,-0.02775639676829785
44.892,-0.028799584097693655
44.894,-0.028924821427089457
44.896,-0.029000418756485263
44.898,-0.029944406085881066
44.9,-0.03008199341527687
44.902,-0.030529780744672674
44.904,-0.030878368074068477
44.906,-0.03097875540346428
44.908,-0.03174904273286008
44.91,-0.03232083006225589
44.912,-0.032446117391651694
44.914,-0.032298404721047495
44.916,-0.0329942920504433
44.918,-0.0339133793798391
44.92,-0.03357966670923491
44.922,-0.03480895403863071
44.924,-0.034562041368026514
44.926,-0.03445162869742231
44.928,-0.03527151602681812
44.93,-0.035558003356213924
44.932,-0.035980990685609726
44.934,-0.03614337801500553
44.936,-0.03687646534440134
44.938,-0.036728852673797135
44.94,-0.037449440003192946
44.942,-0.03787242733258875
44.944,-0.03791081466198455
44.946,-0.03876800199138035
44.948,-0.03907928932077616
44.95,-0.038968776650171955
44.952,-0.039478563979567755
44.954,-0.04064585130896356
44.956,-0.04015083863835937
44.958,-0.04066062596775517
44.96,-0.04067421329715097
44.962,-0.04151890062654678
44.964,-0.04181788795594258
44.966,-0.04232767528533839
44.968,-0.04249006261473419
44.97,-0.04293784994413
44.972,-0.043472437273525795
44.974,-0.043672124602921594
44.976,-0.0438346119323174
44.978,-0.0446296992617132
44.98,-0.04435798659110901
44.982,-0.04483057392050481
44.984,-0.04534036124990062
44.986,-0.04513064857929642
44.988,-0.045727235908692224
44.99,-0.04617502323808803
44.992,-0.046002510567483834
44.994,-0.04688449789687964
44.996,-0.04708408522627544
44.998,-0.04677517255567124
45.0,-0.04718575988506704
45.002,-0.04769554721446285
45.004,-0.048081334543858656
45.006,-0.04831812187325446
45.008,-0.04813330920265026
45.01,-0.048233696532046066
45.012,-0.04868148386144187
45.014,-0.049191271190837674
45.016,-0.04853505852023347
45.018,-0.04930534584962928
45.02,-0.04905843317902508
45.022,-0.04979152050842088
45.024,-0.04985470783781668
45.026,-0.04986829516721249
45.028,-0.04999358249660829
45.03,-0.050379269826004096
45.032,-0.0507029571553999
45.034,-0.0507414444847957
45.036,-0.05053173181419151
45.038,-0.05106631914358731
45.04,-0.051266006472983114
45.042,-0.051118293802378915
45.044,-0.05128078113177472
45.046,-0.05179056846117053
45.048,-0.051680155790566326
45.05,-0.05178054311996213
45.052,-0.051943030449357934
45.054,-0.05204341777875374
45.056,-0.052553205108149544
45.058,-0.052219492437545346
45.06,-0.05231997976694115
45.062,-0.052519567096336955
45.064,-0.05264485442573276
45.066,-0.05327864175512856
45.068,-0.053044229084524365
45.07,-0.05329351641392017
45.072,-0.05324510374331597
45.074,-0.05363079107271177
45.076,-0.05288767840210758
45.078,-0.05352156573150338
45.08,-0.05343595306089918
45.082,-0.053474340390294986
45.084,-0.05386002771969079
45.086,-0.053960515049086596
45.088,-0.053676402378482396
45.09,-0.0538760897078782
45.092,-0.054100577037274
45.094,-0.053804064366669804
45.096,-0.054276551696065614
45.098,-0.054290239025461415
45.1,-0.05410532635485722
45.102,-0.054019713684253026
45.104,-0.05436820101364882
45.106,-0.054158488343044625
45.108,-0.05450707567244044
45.11,-0.054644663001836236
45.112,-0.05449705033123203
45.114,-0.05463473766062785
45.116,-0.05504522499002365
45.118,-0.05401681231941945
45.12,-0.05468789964881525
45.122,-0.05493718697821105
45.124,-0.05454147430760686
45.126,-0.05476596163700266
45.128,-0.054804348966398464
45.13,-0.054817936295794276
45.132,-0.05457102362519008
45.134,-0.05454741095458587
45.136,-0.054436998283981686
45.138,-0.055157685613377486
45.14,-0.05523327294277329
45.142,-0.05426686027216909
45.144,-0.0547518476015649
45.146,-0.054281734930960696
45.148,-0.0540348222603565
45.15,-0.0546066095897523
45.152,-0.0542480969191481
45.154,-0.05375308424854391
45.156,-0.0541388715779397
45.158,-0.05391675890733551
45.16,-0.05370704623673131
45.162,-0.05421683356612711
45.164,-0.053982320895522906
45.166,-0.05338810822491871
45.168,-0.05371179555431452
45.17,-0.05352698288371032
45.172,-0.05321807021310612
45.174,-0.05323165754250192
45.176,-0.05317084487189772
45.178,-0.053147232201293526
45.18,-0.05297471953068933
45.182,-0.052665806860085124
45.184,-0.05311359418948093
45.186,-0.053027981518876735
45.188,-0.05302916884827253
45.19,-0.05257135617766833
45.192,-0.052795843507064136
45.194,-0.05299553083645994
45.196,-0.05246331816585574
45.198,-0.05307230549525154
45.2,-0.05216799282464735
45.202,-0.052392480154043145
45.204,-0.051711467483438946
45.206,-0.05203515481283475
45.208,-0.051800642142230555
45.21,-0.05214922947162635
45.212,-0.05234881680102215
45.214,-0.05159340413041796
45.216,-0.05197909145981376
45.218,-0.051806678789209554
45.22,-0.05165896611860536
45.222,-0.05143685344800116
45.224,-0.05167374077739696
45.226,-0.051178828106792765
45.228,-0.051812615436188564
45.23,-0.05134240276558437
45.232,-0.051380890094980175
45.234,-0.05158047742437597
45.236,-0.051184764753771775
45.238,-0.05091305208316757
45.24,-0.051286439412563375
45.242,-0.05126282674195918
45.244,-0.05133841407135498
45.246,-0.05153810140075078
45.248,-0.05094388873014658
45.25,-0.051168376059542386
45.252,-0.05095866338893819
45.254,-0.05146845071833399
45.256,-0.05109753804772979
45.258,-0.05063972537712559
45.26,-0.05102551270652139
45.262,-0.051125900035917195
45.264,-0.051449587365313
45.266,-0.0509794746947088
45.268,-0.051055062024104605
45.27,-0.0510314493535004
45.272,-0.051069836682896205
45.274,-0.05098422401229201
45.276,-0.05089861134168781
45.278,-0.051532398671083605
45.28,-0.05113668600047941
45.282,-0.050579673329875216
45.284,-0.05076696065927101
45.286,-0.05133874798866681
45.288,-0.05100503531806262
45.29,-0.05145272264745841
45.292,-0.05052360997685422
45.294,-0.051120197306250025
45.296,-0.05082368463564583
45.298,-0.050738071965041626
45.3,-0.05102455929443743
45.302,-0.05083974662383323
45.304,-0.05103943395322903
45.306,-0.051201821282624835
45.308,-0.050458808612020636
45.31,-0.05059639594141644
45.312,-0.05109378327081224
45.314,-0.05044997060020804
45.316,-0.050798457929603844
45.318,-0.05093614525899964
45.32,-0.05062723258839545
45.322,-0.05076481991779125
45.324,-0.050828107247187046
45.326,-0.05084169457658285
45.328,-0.050309481905978656
45.33,-0.050670369235374456
45.332,-0.050770856564770254
45.334,-0.05027584389416606
45.336,-0.050785631223561854
45.338,-0.05060071855295766
45.34,-0.050961705882353464
45.342,-0.050590793211749266
45.344,-0.05062918054114506
45.346,-0.050543567870540866
45.348,-0.05080525519993667
45.35,-0.050459042529332476
45.352,-0.05072072985872827
45.354,-0.05022581718812408
45.356,-0.050574304517519875
45.358,-0.05036459184691568
45.36,-0.05097367917631148
45.362,-0.05047866650570728
45.364,-0.050517053835103076
45.366,-0.05055544116449888
45.368,-0.050507028493894685
45.37,-0.05088041582329049
45.372,-0.05013730315268629
45.374,-0.05077119048208209
45.376,-0.05062347781147789
45.378,-0.0498803651408737
45.38,-0.05036535247026949
45.382,-0.0504658397996653
45.384,-0.0501197271290611
45.386,-0.0504186144584569
45.388,-0.0502957017878527
45.39,-0.0502720891172485
45.392,-0.05037257644664431
45.394,-0.05069626377604011
45.396,-0.05038735110543591
45.398,-0.05027693843483171
45.4,-0.050377325764227515
45.402,-0.05037851309362332
45.404,-0.05051620042301912
45.406,-0.05059178775241492
45.408,-0.05053097508181072
45.41,-0.05091676241120652
45.412,-0.05038454974060232
45.414,-0.05074543706999813
45.416,-0.05043652439939393
45.418,-0.050574211728789724
45.42,-0.05073659905818553
45.422,-0.05086188638758134
45.424,-0.050118773716977136
45.426,-0.050951161046372935
45.428,-0.05072904837576874
45.43,-0.05043253570516454
45.432,-0.05030962303456034
45.434,-0.050447310363956145
45.436,-0.05048569769335195
45.438,-0.05130558502274775
45.44,-0.05062457235214354
45.442,-0.050662959681539346
45.444,-0.051458047010935155
45.446,-0.050677734340330946
45.448,-0.05053012166972675
45.45,-0.05028320899912256
45.452,-0.05085499632851835
45.454,-0.05068258365791416
45.456,-0.05113037098730996
45.458,-0.05123075831670577
45.46,-0.05098384564610156
45.462,-0.050799032975497364
45.464,-0.051718120304893166
45.466,-0.051260307634288974
45.468,-0.05123669496368477
45.47,-0.05117588229308057
45.472,-0.05143756962247638
45.474,-0.05169925695187218
45.476,-0.051452444281267974
45.478,-0.05221023161066378
45.48,-0.051851718940059584
45.482,-0.05191500626945539
45.484,-0.052015393598851184
45.486,-0.05192978092824699
45.488,-0.05212946825764279
45.49,-0.05222985558703859
45.492,-0.05245434291643439
45.494,-0.05234393024583019
45.496,-0.052791617575226
45.498,-0.052668804904621794
45.5,-0.0528312922340176
45.502,-0.053216979563413404
45.504,-0.0529700668928092
45.506,-0.053455054222205
45.508,-0.053518341551600804
45.51,-0.05306052888099661
45.512,-0.05309891621039241
45.514,-0.05430340353978821
45.516,-0.05339909086918401
45.518,-0.053747578198579816
45.52,-0.053910065527975615
45.522,-0.05394845285737142
45.524,-0.05396204018676722
45.526,-0.054695127516163025
45.528,-0.05354271484555882
45.53,-0.05423850217495462
45.532,-0.05505838950435043
45.534,-0.05500997683374623
45.536,-0.055110464163142026
45.538,-0.05533495149253783
45.54,-0.05539813882193363
45.542,-0.05528772615132943
45.544,-0.055735413480725235
45.546,-0.05595990081012104
45.548,-0.05637048813951684
45.55,-0.05632207546891264
45.552,-0.056137162798308445
45.554,-0.056274850127704244
45.556,-0.05703273745710005
45.558,-0.056947024786495846
45.56,-0.05645211211589165
45.562,-0.056961899445287456
45.564,-0.05740958677468325
45.566,-0.05726197410407905
45.568,-0.05770976143347486
45.57,-0.05711554876287066
45.572,-0.057439236092266456
45.574,-0.05801102342166226
45.576,-0.05833471075105806
45.578,-0.05814989808045387
45.58,-0.05853558540984966
45.582,-0.05867327273924547
45.584,-0.05874886006864127
45.586,-0.05925864739803707
45.588,-0.05903653472743287
45.59,-0.059397522056828675
45.592,-0.05939870938622448
45.594,-0.05935029671562028
45.596,-0.05959958404501608
45.598,-0.059898471374411885
45.6,-0.060060958703807676
45.602,-0.060508746033203484
45.604,-0.060174933362599284
45.606,-0.06027542069199509
45.608,-0.060524708021390886
45.61,-0.06066229535078669
45.612,-0.06092408268018249
45.614,-0.060900470009578295
45.616,-0.0605914573389741
45.618,-0.060853244668369895
45.62,-0.0611769319977657
45.622,-0.060806019327161495
45.624,-0.0611545066565573
45.626,-0.0614409939859531
45.628,-0.06141738131534891
45.63,-0.06136896864474471
45.632,-0.06146935597414051
45.634,-0.06144574330353631
45.636,-0.061298130632932116
45.638,-0.06146061796232792
45.64,-0.06147420529172372
45.642,-0.061859892621119524
45.644,-0.06202237995051532
45.646,-0.06218486727991112
45.648,-0.06234725460930692
45.65,-0.06291914193870272
45.652,-0.06283342926809853
45.654,-0.06246251659749433
45.656,-0.06262500392689013
45.658,-0.062477291256285934
45.66,-0.06255297858568173
45.662,-0.06302546591507754
45.664,-0.06310115324447334
45.666,-0.06279224057386913
45.668,-0.06324002790326494
45.67,-0.06272021523266075
45.672,-0.06290740256205654
45.674,-0.06304508989145234
45.676,-0.06283537722084814
45.678,-0.06299786455024395
45.68,-0.06322235187963975
45.682,-0.06360803920903556
45.684,-0.06298902653843136
45.686,-0.06302751386782715
45.688,-0.06366130119722296
45.69,-0.06298028852661876
45.692,-0.06320467585601455
45.694,-0.06328036318541036
45.696,-0.06319475051480616
45.698,-0.06307183784420196
45.7,-0.06302342517359777
45.702,-0.06271451250299356
45.704,-0.06297619983238938
45.706,-0.06338678716178518
45.708,-0.06276777449118098
45.71,-0.06331476182057677
45.712,-0.06255924914997257
45.714,-0.06275893647936838
45.716,-0.06308262380876418
45.718,-0.06256281113815998
45.72,-0.06275009846755579
45.722,-0.06263968579695159
45.724,-0.06204547312634739
45.726,-0.062331960455743185
45.728,-0.062122247785138994
45.73,-0.061565235114534794
45.732,-0.0621370224439306
45.734,-0.061617209773326395
45.736,-0.0615563971027222
45.738,-0.061160684432118
45.74,-0.06176967176151381
45.742,-0.0612126590909096
45.744,-0.06086654642030541
45.746,-0.06075613374970121
45.748,-0.06026112107909701
45.75,-0.06058480840849281
45.752,-0.060399995737888616
45.754,-0.059842983067284417
45.756,-0.05969527039668021
45.758,-0.05932435772607602
45.76,-0.05920154505547182
45.762,-0.058743732384867624
45.764,-0.058558819714263424
45.766,-0.05828710704365923
45.768,-0.05804029437305503
45.77,-0.05789258170245083
45.772,-0.05780696903184663
45.774,-0.05731195636124243
45.776,-0.056816943690638236
45.778,-0.05664453102003404
45.78,-0.056360418349429835
45.782,-0.05608870567882564
45.784,-0.05538289300822144
45.786,-0.05509878033761724
45.788,-0.05486426766701304
45.79,-0.05477865499640885
45.792,-0.05453174232580464
45.794,-0.05393752965520045
45.796,-0.05335571698459625
45.798,-0.053232804313992056
45.8,-0.052055591643387855
45.802,-0.052503378972783656
45.804,-0.051946366302179456
45.806,-0.05157535363157526
45.808,-0.05089434096097106
45.81,-0.05030012829036686
45.812,-0.049904415619762665
45.814,-0.049372202949158464
45.816,-0.04841819027855426
45.818,-0.04876677760795007
45.82,-0.048023664937345875
45.822,-0.047553452266741666
45.824,-0.04652513959613747
45.826,-0.04609212692553328
45.828,-0.04573361425492908
45.83,-0.04482930158432488
45.832,-0.04474358891372068
45.834,-0.04377727624311648
45.836,-0.04334426357251229
45.838,-0.042191850901908086
45.84,-0.04179613823130389
45.842,-0.040953825560699694
45.844,-0.04068211289009549
45.846,-0.04031120021949129
45.848,-0.039307587548887093
45.85,-0.038973874878282896
45.852,-0.0375361622076787
45.854,-0.0375125495370745
45.856,-0.0366826368664703
45.858,-0.035778224195866105
45.86,-0.03530811152526191
45.862,-0.03421769885465771
45.864,-0.03306528618405351
45.866,-0.032632273513449314
45.868,-0.03192646084284511
45.87,-0.030836048172240914
45.872,-0.029869635501636717
45.874,-0.029784022831032517
45.876,-0.02828421016042832
45.878,-0.02788849748982412
45.88,-0.02714538481921992
45.882,-0.025856572148615725
45.884,-0.024989459478011525
45.886,-0.02427114680740733
45.888,-0.02274653413680313
45.89,-0.02212752146619893
45.892,-0.020875908795594735
45.894,-0.020318896124990535
45.896,-0.019104383454386337
45.898,-0.018237270783782136
45.9,-0.01745695811317794
45.902,-0.01599445544257374
45.904,-0.015189352771969544
45.906,-0.014247800101365345
45.908,-0.013157397430761147
45.91,-0.012327484760156947
45.912,-0.01107582208955275
45.914,-0.01029552941894855
45.916,-0.009205116748344353
45.918,-0.007742575077740154
45.92,-0.007656939407135956
45.922,-0.005809852736531758
45.924,-0.00434730606592756
45.926,-0.003889533395323362
45.928,-0.0020424507247191626
45.93,-0.0008528080541149643
45.932,-8.491538351076619e-05
45.934,0.0008566372870934319
45.936,0.00223234995769763
45.938,0.003099472628301829
45.94,0.004375995298906027
45.942,0.005627607969510225
45.944,0.006718020640114423
45.946,0.00789523331071862
45.948,0.00910974598132282
45.95,0.009889958651927018
45.952,0.011799071322531215
45.954,0.012628983993135418
45.956,0.013595396663739611
45.958,0.015008309334343814
45.96,0.015875422004948007
45.962,0.016903834675552207
45.964,0.01861444734615641
45.966,0.019456760016760603
45.968,0.0208324726873648
45.97,0.022518285357969
45.972,0.023447498028573197
45.974,0.0245999106991774
45.976,0.025094923369781596
45.978,0.027289336040385793
45.98,0.027846348710989996
45.982,0.029470061381594193
45.984,0.030808574052198393
45.986,0.031204386722802586
45.988,0.03264209939340679
45.99,0.03420391206401098
45.992,0.03523222473461518
45.994,0.03660793740521938
45.996,0.03790925007582358
45.998,0.03934696274642777
46.0,0.04028857541703198
46.002,0.041304488087636176
46.004,0.04239490075824037
46.006,0.04418001342884457
46.008,0.04504712609944877
46.01,0.046323638770052966
46.012,0.04757525144065716
46.014,0.048727664111261365
46.016,0.05012817678186556
46.018,0.05088368945246976
46.02,0.052036102123073955
46.022,0.05349861479367815
46.024,0.05475032746428236
46.026,0.05590274013488655
46.028,0.05699315280549075
46.03,0.058765865476094956
46.032,0.059893478146699146
46.034,0.060326390817303344
46.036,0.06260770348790755
46.038,0.06318951615851173
46.04,0.06400702882911594
46.042,0.06625104149972015
46.044,0.06731665417032433
46.046,0.06827056684092854
46.048,0.06955947951153274
46.05,0.07067469218213693
46.052,0.07188910485274114
46.054,0.07326481752334532
46.056,0.07429323019394952
46.058,0.07534644286455373
46.06,0.07678415553515792
46.062,0.07791176820576212
46.064,0.07902698087636632
46.066,0.08030349354697051
46.068,0.08155510621757472
46.07,0.08248431888817892
46.072,0.08404603155878311
46.074,0.08498764422938732
46.076,0.0854701568999915
46.078,0.08723046957059571
46.08,0.0879114822411999
46.082,0.0889398949118041
46.084,0.09056370758240831
46.086,0.0910214202530125
46.088,0.0928313329236167
46.09,0.0935496455942209
46.092,0.0949253582648251
46.094,0.09560647093542929
46.096,0.0972550836060335
46.098,0.09784969627663768
46.1,0.09849330894724188
46.102,0.1004389216178461
46.104,0.10092153428845028
46.106,0.10217314695905448
46.108,0.10330075962965869
46.11,0.10385837230026287
46.112,0.10509798497086709
46.114,0.10647359764147127
46.116,0.10762521031207548
46.118,0.10771082298267967
46.12,0.10968243565328387
46.122,0.10992904832388807
46.124,0.11075966099449228
46.126,0.11197327366509646
46.128,0.11272888633570066
46.13,0.11355949900630487
46.132,0.11491011167690907
46.134,0.11602472434751326
46.136,0.11635933701811746
46.138,0.11798294968872165
46.14,0.11870056235932586
46.142,0.11891117502993005
46.144,0.12016278770053425
46.146,0.12140140037113846
46.148,0.12189701304174265
46.15,0.12267662571234686
46.152,0.12345723838295104
46.154,0.12413785105355525
46.156,0.12522846372415944
46.158,0.12591007639476365
46.16,0.12716168906536784
46.162,0.12749530173597204
46.164,0.12833691440657624
46.166,0.12932852707718046
46.168,0.12957513974778465
46.17,0.13116175241838882
46.172,0.13128536508899302
46.174,0.13212697775959723
46.176,0.1328955904302014
46.178,0.1334272031008056
46.18,0.13410881577140982
46.182,0.13522342844201402
46.184,0.13537104111261822
46.186,0.13637465378322242
46.188,0.13727926645382663
46.19,0.1375138791244308
46.192,0.13813249179503503
46.194,0.13926010446563922
46.196,0.1395067171362434
46.198,0.14006432980684763
46.2,0.14058394247745182
46.202,0.141202555148056
46.204,0.14220616781866022
46.206,0.1426887804892644
46.208,0.1431593931598686
46.21,0.1438400058304728
46.212,0.144335618501077
46.214,0.1444832311716812
46.216,0.14520084384228538
46.218,0.1454734565128896
46.22,0.1460920691834938
46.222,0.14623968185409797
46.224,0.14720629452470219
46.226,0.1474159071953064
46.228,0.14803451986591057
46.23,0.1483681325365148
46.232,0.148677745207119
46.234,0.14902335787772317
46.236,0.1501389705483274
46.238,0.14981558321893157
46.24,0.15008719588953576
46.242,0.15039580856013998
46.244,0.15099042123074416
46.246,0.15154703390134835
46.248,0.15157064657195257
46.25,0.15194125924255678
46.252,0.15208887191316095
46.254,0.15258448458376514
46.256,0.15260809725436936
46.258,0.15312770992497354
46.26,0.15333732259557775
46.262,0.15389393526618195
46.264,0.15424054793678615
46.266,0.15435116060739035
46.268,0.15447377327799455
46.27,0.15439838594859875
46.272,0.15511599861920294
46.274,0.15497861128980714
46.276,0.15565922396041135
46.278,0.15619183663101552
46.28,0.15615344930161976
46.282,0.15642506197222394
46.284,0.15620067464282814
46.286,0.15722928731343233
46.288,0.15725289998403652
46.29,0.15730151265464073
46.292,0.15732512532524495
46.294,0.15747273799584913
46.296,0.15771935066645332
46.298,0.1577059633370575
46.3,0.15823757600766172
46.302,0.1582611886782659
46.304,0.1585088013488701
46.306,0.15878041401947432
46.308,0.1583570266900785
46.31,0.1588526393606827
46.312,0.1588762520312869
46.314,0.15855186470189112
46.316,0.1587984773724953
46.318,0.15929409004309952
46.32,0.1590077027137037
46.322,0.1597873153843079
46.324,0.1591789280549121
46.326,0.1592275407255163
46.328,0.1593251533961205
46.33,0.15943576606672472
46.332,0.1591743787373289
46.334,0.1589489914079331
46.336,0.1590346040785373
46.338,0.15909621674914148
46.34,0.15901982941974568
46.342,0.15898144209034987
46.344,0.1585710547609541
46.346,0.15880566743155827
46.348,0.15855628010216247
46.35,0.15835689277276668
46.352,0.15784750544337087
46.354,0.15809411811397506
46.356,0.1578567307845793
46.358,0.15732234345518348
46.36,0.15706095612578766
46.362,0.15705956879639188
46.364,0.15698418146699605
46.366,0.15706979413760025
46.368,0.15596440680820448
46.37,0.15629801947880867
46.372,0.15648263214941285
46.374,0.15572524482001704
46.376,0.15558785749062126
46.378,0.15532547016122544
46.38,0.15485308283182964
46.382,0.15465369550243385
46.384,0.15451630817303805
46.386,0.15426692084364224
46.388,0.15375653351424645
46.39,0.15339614618485065
46.392,0.15310975885545483
46.394,0.15235137152605904
46.396,0.15212698419666323
46.398,0.15151759686726743
46.4,0.15119420953787163
46.402,0.15100682220847583
46.404,0.15029843487908
46.406,0.14985104754968423
46.408,0.14925466022028844
46.41,0.1486202728908926
46.412,0.1478258855614968
46.414,0.14803549823210102
46.416,0.1468681109027052
46.418,0.1466437235733094
46.42,0.14650533624391363
46.422,0.1451529489145178
46.424,0.144890561585122
46.426,0.1445671742557262
46.428,0.1436477869263304
46.43,0.1427663995969346
46.432,0.1429760122675388
46.434,0.141845624938143
46.436,0.1411122376087472
46.438,0.14078885027935142
46.44,0.1397454629499556
46.442,0.1393350756205598
46.444,0.138515688291164
46.446,0.1375963009617682
46.448,0.13692491363237239
46.45,0.1360435263029766
46.452,0.13540913897358078
46.454,0.13455275164418498
46.456,0.13400536431478918
46.458,0.1330239769853934
46.46,0.13232858965599759
46.462,0.13175620232660176
46.464,0.13122181499720598
46.466,0.12998042766781018
46.468,0.12899904033841436
46.47,0.12852665300901858
46.472,0.12760726567962277
46.474,0.12754387835022696
46.476,0.12599249102083118
46.478,0.12554410369143537
46.48,0.12425371636203955
46.482,0.12321032903264376
46.484,0.12238994170324796
46.486,0.12149555437385215
46.488,0.12071316704445635
46.49,0.11973177971506056
46.492,0.11840339238566475
46.494,0.11826600505626896
46.496,0.11666461772687314
46.498,0.11583223039747735
46.5,0.11472684306808155
46.502,0.11368345573868574
46.504,0.11277706840928994
46.506,0.11153568107989414
46.508,0.11055429375049833
46.51,0.10989590642110254
46.512,0.10897651909170673
46.514,0.10762313176231093
46.516,0.10698974443291513
46.518,0.10572335710351932
46.52,0.10467996977412353
46.522,0.10394658244472772
46.524,0.10253119511533192
46.526,0.10202180778593613
46.528,0.10106542045654032
46.53,0.09999723312714451
46.532,0.09844544579774872
46.534,0.09825825846835291
46.536,0.09614827113895712
46.538,0.09541518380956132
46.54,0.09490539648016551
46.542,0.0933660091507697
46.544,0.09228562182137391
46.546,0.0919619344919781
46.548,0.08997594716258231
46.55,0.08913125983318651
46.552,0.0881500725037907
46.554,0.0871689851743949
46.556,0.08600169784499909
46.558,0.08551671051560329
46.56,0.08334472318620749
46.562,0.08262413585681168
46.564,0.0817297485274159
46.566,0.0805005611980201
46.568,0.07949457386862428
46.57,0.07919568653922848
46.572,0.07730889920983268
46.574,0.07614171188043688
46.576,0.07532182455104108
46.578,0.07405533722164527
46.58,0.07285094989224948
46.582,0.07215506256285367
46.584,0.07039237523345787
46.586,0.06975858790406207
46.588,0.06820680057466627
46.59,0.06742411324527046
46.592,0.06566152591587467
46.594,0.06533773858647886
46.596,0.06382325125708306
46.598,0.06302816392768726
46.6,0.06194777659829146
46.602,0.06044558926889566
46.604,0.05920390193949985
46.606,0.058855414610104045
46.608,0.057526927280708254
46.61,0.05588833995131245
46.612,0.055316452621916645
46.614,0.05433536529252084
46.616,0.05238657796312504
46.618,0.05146749063372924
46.62,0.050870903304333435
46.622,0.04954241597493764
46.624,0.04862322864554184
46.626,0.047331941316146035
46.628,0.04594145398675023
46.63,0.04543166665735443
46.632,0.04363177932795863
46.634,0.04299799199856283
46.636,0.04199200466916702
46.638,0.04056431733977123
46.64,0.03904973001037542
46.642,0.038453142680979616
46.644,0.036777355351583815
46.646,0.03592016802218802
46.648,0.03501348069279221
46.65,0.03377179336339641
46.652,0.03229450603400061
46.654,0.03194591870460481
46.656,0.030679431375209006
46.658,0.029512244045813204
46.66,0.028692356716417403
46.662,0.0276739693870216
46.664,0.026692782057625798
46.666,0.025649594728229995
46.668,0.024420407398834196
46.67,0.023662520069438392
46.672,0.02230923274004259
46.674,0.021799445410646788
46.676,0.02040895808125099
46.678,0.01986197075185519
46.68,0.019004783422459384
46.682,0.017564696093063586
46.684,0.01648430876366778
46.686,0.015341821434271982
46.688,0.01464603410487618
46.69,0.013863346775480378
46.692,0.012658859446084575
46.694,0.011615712116688773
46.696,0.010795814787292971
46.698,0.00955415745789717
46.7,0.008548190128501368
46.702,0.007914362799105568
46.704,0.006809155469709765
46.706,0.006262158140313964
46.708,0.005628320810918162
46.71,0.00452312348152236
46.712,0.0032566561521265584
46.714,0.0023499248227307565
46.716,0.0018649494933349548
46.718,0.0007597441639391534
46.72,2.6676834543351742e-05
46.722,-0.0005079204948524501
46.724,-0.0014270478242482515
46.726,-0.0023709951536440535
46.728,-0.0027939524830398557
46.73,-0.004308499812435656
46.732,-0.004818287141831459
46.734,-0.005576164471227261
46.736,-0.006743391800623062
46.738,-0.007377249130018863
46.74,-0.007390836459414666
46.742,-0.009054223788810467
46.744,-0.009539211118206268
46.746,-0.01035909844760207
46.748,-0.011501485776997873
46.75,-0.011974073106393675
46.752,-0.012111760435789477
46.754,-0.012993647765185277
46.756,-0.01340423509458108
46.758,-0.014298522423976882
46.76,-0.015118409753372683
46.762,-0.015851497082768486
46.764,-0.016485384412164284
46.766,-0.017081971741560086
46.768,-0.01775295907095589
46.77,-0.01863494640035169
46.772,-0.019305933729747492
46.774,-0.019592421059143293
46.776,-0.020288308388539098
46.778,-0.021331495717934898
46.78,-0.0215931830473307
46.782,-0.022549570376726502
46.784,-0.023146157706122304
46.786,-0.023531945035518104
46.788,-0.024389032364913906
46.79,-0.024712719694309708
46.792,-0.025247307023705506
46.794,-0.025918394353101313
46.796,-0.02683748168249711
46.798,-0.027024769011892914
46.8,-0.027633756341288715
46.802,-0.02830484367068452
46.804,-0.02943483100008032
46.806,-0.029163118329476122
46.808,-0.03010710565887192
46.81,-0.030405992988267728
46.812,-0.031126680317663524
46.814,-0.03132636764705933
46.816,-0.031774054976455135
46.818,-0.03250714230585093
46.82,-0.032632429635246735
46.822,-0.03352671696464254
46.824,-0.033403904294038334
46.826,-0.03469519162343414
46.828,-0.03483277895282994
46.83,-0.03493326628222575
46.832,-0.03575315361162154
46.834,-0.03626294094101735
46.836,-0.036214528270413146
46.838,-0.03725771559980895
46.84,-0.03770540292920475
46.842,-0.038302090258600555
46.844,-0.038724977587996354
46.846,-0.03917276491739216
46.848,-0.039744552246787954
46.85,-0.03965893957618376
46.852,-0.04019352690557956
46.854,-0.04057931423497536
46.856,-0.04127510156437116
46.858,-0.04157398889376697
46.86,-0.04198457622316276
46.862,-0.042084963552558564
46.864,-0.04249555088195437
46.866,-0.042819238211350176
46.868,-0.04355232554074598
46.87,-0.04402491287014178
46.872,-0.04422460019953758
46.874,-0.04448628752893338
46.876,-0.044934074858329176
46.878,-0.04525776218772498
46.88,-0.04579234951712079
46.882,-0.04605403684651659
46.884,-0.046439724175912384
46.886,-0.04707361150530819
46.888,-0.047012798834703995
46.89,-0.0471255861640998
46.892,-0.047821473493495595
46.894,-0.0483560608228914
46.896,-0.0488658481522872
46.898,-0.049226735481683
46.9,-0.0493272228110788
46.902,-0.049650910140474604
46.904,-0.04987539746987041
46.906,-0.05019908479926621
46.908,-0.050361572128662005
46.91,-0.05089615945805781
46.912,-0.05128194678745361
46.914,-0.051171434116849414
46.916,-0.051768121446245215
46.918,-0.05190570877564102
46.92,-0.05225429610503682
46.922,-0.05298728343443262
46.924,-0.053335870763828425
46.926,-0.05372155809322423
46.928,-0.05400804542262002
46.93,-0.053860432752015824
46.932,-0.05459352008141163
46.934,-0.055264507410807434
46.936,-0.05520369474020323
46.938,-0.05527938206959904
46.94,-0.05525576939899484
46.942,-0.05644775672839064
46.944,-0.05627524405778644
46.946,-0.05646253138718224
46.948,-0.057195618716578044
46.95,-0.05676270604597384
46.952,-0.05721039337536965
46.954,-0.05741008070476545
46.956,-0.05804396803416126
46.958,-0.05810715536355705
46.96,-0.05815794269295286
46.962,-0.05832043002234866
46.964,-0.058706117351744455
46.966,-0.05876940468114026
46.968,-0.05890699201053606
46.97,-0.05906947933993186
46.972,-0.058946666669327664
46.974,-0.05908425399872347
46.976,-0.05928394132811927
46.978,-0.05932232865751508
46.98,-0.05926151598691087
46.982,-0.059399203316306666
46.984,-0.05978489064570247
46.986,-0.059662077975098274
46.988,-0.05970046530449407
46.99,-0.060185452633889885
46.992,-0.05981453996328568
46.994,-0.05997692729268148
46.996,-0.05964321462207728
46.998,-0.05976850195147309
47.0,-0.059682789280868884
47.002,-0.059944576610264685
47.004,-0.059896063939660495
47.006,-0.0597112512690563
47.008,-0.059848838598452095
47.01,-0.05960202592784789
47.012,-0.059826513257243696
47.014,-0.059864900586639506
47.016,-0.0595931879160353
47.018,-0.0589989752454311
47.02,-0.059669943466662344
47.022,-0.059360564347904175
47.024,-0.058616922904141625
47.026,-0.05865472982468535
47.028,-0.05875412666797695
47.03,-0.05891546118626416
47.032,-0.05861743507784867
47.034,-0.05867951677429891
47.036,-0.05824532375813238
47.038,-0.05828224364173669
47.04,-0.05753693127026668
47.042,-0.058143743287078976
47.044,-0.05742311695491086
47.046,-0.057124351374661445
47.048,-0.05728397741546157
47.05,-0.05699671725513343
47.052,-0.05657357548908161
47.054,-0.05634809067874469
47.056,-0.056482440146799984
47.058,-0.05569878932781293
47.06,-0.05546052923077451
47.062,-0.055557005909630815
47.064,-0.05508321596777843
47.066,-0.05472105051410847
47.068,-0.05412255190626329
47.07,-0.05428069007431281
47.072,-0.0537565146686067
47.074,-0.053318853061772316
47.076,-0.053191761997066406
47.078,-0.05254275276320027
47.08,-0.05229087780772634
47.082,-0.052014300767008255
47.084,-0.052047029433253816
47.086,-0.051546506463805666
47.088,-0.0513557592312912
47.09,-0.050855344578867236
47.092,-0.050391472796244084
47.094,-0.04995263439291224
47.096,-0.04998431488335723
47.098,-0.04973074383800861
47.1,-0.0493289043737495
47.102,-0.04907535563143906
47.104,-0.04826334546322512
47.106,-0.04769964479817862
47.108,-0.0478548109789569
47.11,-0.04704280963992558
47.112,-0.04719777514671906
47.114,-0.0465466128939427
47.116,-0.046106063640837275
47.118,-0.045826738776014175
47.12,-0.04575784179597689
47.122,-0.04496943124218397
47.124,-0.044876153268481565
47.126,-0.04449706601672781
47.128,-0.043807616439969665
47.13,-0.043961567375369964
47.132,-0.04337101882292871
47.134,-0.04309079216126728
47.136,-0.042401475002773296
47.138,-0.04179812548930488
47.14,-0.0415419897747082
47.142,-0.04111195367316906
47.144,-0.040942442059812345
47.146,-0.04012813905052218
47.148,-0.04047979769225158
47.15,-0.04016096114184374
47.152,-0.03978023499370422
47.154,-0.038989760606474404
47.156,-0.03883178673140303
47.158,-0.038550021460398196
47.16,-0.038069618739513846
47.162,-0.03753961483248624
47.164,-0.03697192642263206
47.166,-0.03656553682663463
47.168,-0.03599821777276569
47.17,-0.03526895317710913
47.172,-0.035271612170534095
47.174,-0.03532399475304058
47.176,-0.03460686625929393
47.178,-0.03437372339259083
47.18,-0.03324728013894528
47.182,-0.03311296217268295
47.184,-0.03317752803526239
47.186,-0.03248537952488539
47.188,-0.031531912745448046
47.19,-0.031496840484163166
47.192,-0.030965591811959795
47.194,-0.03045853466090588
47.196,-0.03019978701301941
47.198,-0.02975493907809058
47.2,-0.02944655189508044
47.202,-0.028877960928524446
47.204,-0.028246835908692338
47.206,-0.027950572539879807
47.208,-0.027766155737171783
47.21,-0.02697370228378504
47.212,-0.02615575373816114
47.214,-0.0264302847256747
47.216,-0.02608427816340865
47.218,-0.025043014470943405
47.22,-0.024697006335591645
47.222,-0.02418974656454618
47.224,-0.023930052740224604
47.226,-0.023583917170319213
47.228,-0.023200332562122714
47.23,-0.022630696318232515
47.232,-0.022222667779307956
47.234,-0.021653078713580805
47.236,-0.021703528221950152
47.238,-0.021133837583137294
47.24,-0.020725457246692672
47.242,-0.020279591608220682
47.244,-0.01993339571267637
47.246,-0.01967355247714265
47.248,-0.019003948614906233
47.25,-0.01871941449559749
47.252,-0.018249151817518128
47.254,-0.018051526814434372
47.256,-0.017234072453379195
47.258,-0.017383609613473475
47.26,-0.017123423409602316
47.262,-0.016342607747859637
47.264,-0.01610777771316052
47.266,-0.015823308430380087
47.268,-0.015253649449967889
47.27,-0.015155290182513338
47.272,-0.015032215543101348
47.274,-0.014177674282980673
47.276,-0.013794060907645815
47.278,-0.014104947245268605
47.28,-0.013126600728416473
47.282,-0.012333844034412098
47.284,-0.012458863077341394
47.286,-0.012261801413647916
47.288,-0.011667925277097896
47.29,-0.011780130971387644
47.292,-0.011124016998015657
47.294,-0.010840249690648273
47.296,-0.010357882895439327
47.298,-0.01007410082817305
47.3,-0.009443290202136143
47.302,-0.00969320316518076
47.304,-0.009210706850174033
47.306,-0.00902628107729578
47.308,-0.008643454118274278
47.31,-0.00857093666242021
47.312,-0.008349505532910405
47.314,-0.008500421968506094
47.316,-0.007783023931245246
47.318,-0.007239610621927061
47.32,-0.007639068753838249
47.322,-0.007108002622683109
47.324,-0.007172398142547554
47.326,-0.006939141127617395
47.328,-0.006755730778691836
47.33,-0.006212620042823826
47.332,-0.006178094933999376
47.334,-0.006205779228442263
47.336,-0.0054519251739047325
47.338,-0.006174108794362811
47.34,-0.004911701917988329
47.342,-0.005162681467858206
47.344,-0.005004545745670741
47.346,-0.005032532713463902
47.348,-0.004775106906702225
47.35,-0.004530117975735354
47.352,-0.004087048338145714
47.354,-0.0041398924994278
47.356,-0.0037958974126285766
47.358,-0.003799820720105679
47.36,-0.003480945438842125
47.362,-0.0032242176227839717
47.364,-0.0035012364727304186
47.366,-0.003157816973696449
47.368,-0.0024919839009068384
47.37,-0.002805987604011939
47.372,-0.002338515795299461
47.374,-0.0022063756675765964
47.376,-0.0022350271609032878
47.378,-0.0018668252203344789
47.38,-0.0016976186970190186
47.382,-0.0011687596389089588
47.384,-0.0011355293646856165
47.386,-0.0009789546475757662
47.388,-0.0008839937293376472
47.39,-0.0009382423142669637
47.392,-0.0005089614413247567
47.394,-0.00025349097065088637
47.396,0.00037424182502737713
47.398,-0.0003378109064378215
47.4,0.0005995409448436295
47.402,0.0005075798963542471
47.404,0.0005016765774646589
47.406,0.00100455945970334
47.408,0.0010734806909224372
47.41,0.0014146454659271415
47.412,0.0015447999385636135
47.414,0.0015756936592813981
47.416,0.0019418479068017743
47.418,0.002171256387418455
47.42,0.0016932686515809814
47.422,0.002480966217770877
47.424,0.0028832251499242064
47.426,0.0028514244690199878
47.428,0.0028569712379952848
47.43,0.002948419822484463
47.432,0.0034127903123976153
47.434,0.0038149932372052685
47.436,0.003472396968535796
47.438,0.004035031995899685
47.44,0.003469071286329903
47.442,0.004192733321344934
47.444,0.0043083806284173
47.446,0.004337211509245308
47.448,0.004341208800991793
47.45,0.004518371674485926
47.452,0.0047700128969604735
47.454,0.005145375515368485
47.456,0.005235114754485182
47.458,0.00513837857634853
47.46,0.005637259498441043
47.462,0.006135958080203282
47.464,0.005307058057898984
47.466,0.006065887283676003
47.468,0.006117162091200667
47.47,0.005956913629324128
47.472,0.006231220569375058
47.474,0.006095573890374435
47.476,0.006282460785129453
47.478,0.006245872951941809
47.48,0.006047478662539775
47.482,0.006953256698142131
47.484,0.006891317168638991
47.486,0.00710230131279159
47.488,0.007474013775954575
47.49,0.007560454588097975
47.492,0.007733117005965046
47.494,0.007818692757827518
47.496,0.00806514319233674
47.498,0.007902965881920281
47.5,0.007616491905499227
47.502,0.00838355168265399
47.504,0.00822023787072723
47.506,0.00846612659359507
47.508,0.008736293635473298
47.51,0.008795951204154117
47.512,0.008781393035901267
47.514,0.009435543606239223
47.516,0.00898577456351963
47.518,0.009627678645005227
47.52,0.009623651704841871
47.522,0.009582601864907683
47.524,0.009566313560767096
47.526,0.009934023675536995
47.528,0.01014065840302357
47.53,0.010036899301668385
47.532,0.010590298759083823
47.534,0.010771321650394763
47.536,0.010382157006570235
47.538,0.010810974867570277
47.54,0.010359582006621664
47.542,0.01140827289924887
47.544,0.01105509622677058
47.546,0.010912924716459516
47.548,0.011502859856827169
47.55,0.011075217192329085
47.552,0.011416544225462764
47.554,0.011906883583600834
47.556,0.01213626319881123
47.558,0.01200556943473031
47.56,0.012644065957691743
47.562,0.012698909311152078
47.564,0.012431037936669746
47.566,0.012920650855223776
47.568,0.012962567287593386
47.57,0.013017516974038315
47.572,0.013320260444029097
47.574,0.013547931257006283
47.576,0.013230082271111741
47.578,0.013805560773058756
47.58,0.014231851895714452
47.582,0.014211456328389528
47.584,0.014575615434820244
47.586,0.014566981684137469
47.588,0.014111982621396147
47.59,0.015033620117325551
47.592,0.015087285752445162
47.594,0.014594555768513219
47.596,0.015528614210484766
47.598,0.01581726611032784
47.6,0.015522788607902578
47.602,0.016010027368543643
47.604,0.016398192454189102
47.606,0.016004400184519273
47.608,0.01693809501507861
47.61,0.016767421691121855
47.612,0.01678281955330836
47.614,0.017542101998241508
47.616,0.0173714446203269
47.618,0.017448357949035067
47.62,0.01818323055579458
47.622,0.0181360567063397
47.624,0.017877756190880223
47.626,0.01851290913928627
47.628,0.018998422554554858
47.63,0.018913017365756905
47.632,0.019460761455010297
47.634,0.0194746481889484
47.636,0.019873150534604183
47.638,0.019949072028441178
47.64,0.020371876266862984
47.642,0.02059631556755192
47.644,0.02095729047995853
47.646,0.02082171475033657
47.648,0.020958373463601115
47.65,0.02193906145491701
47.652,0.021765600152855672
47.654,0.02206371833863589
47.656,0.02216327099727265
47.658,0.02198910695993478
47.66,0.022695525357491406
47.662,0.02295553608005243
47.664,0.023127825780964492
47.666,0.02313860881587196
47.668,0.02362089940055904
47.67,0.023755722420140624
47.672,0.02350527794454678
47.674,0.024905385823927356
47.676,0.024096436318022614
47.678,0.024106136060199183
47.68,0.024649683042465065
47.682,0.024721640621463606
47.684,0.024978712753238763
47.686,0.025868505271956378
47.688,0.02556751613965441
47.69,0.025539093628061123
47.692,0.02583361845645725
47.694,0.02561894956590172
47.696,0.0259739153180329
47.698,0.02676365229626737
47.7,0.026275108043062677
47.702,0.02687773125971752
47.704,0.026823116771406724
47.706,0.0269537979847237
47.708,0.026997617576991116
47.71,0.02756253749626093
47.712,0.026849300100175492
47.714,0.027202629314808734
47.716,0.02745712976553527
47.718,0.02736348960420327
47.72,0.02771613996967386
47.722,0.02778387654626273
47.724,0.02757787079251133
47.726,0.02791755470642167
47.728,0.028430853063218513
47.73,0.02812508084791686
47.732,0.027843923954622585
47.734,0.02825787632938965
47.736,0.02822440048970057
47.738,0.02820304082116972
47.74,0.028925622978142763
47.742,0.028543821306274045
47.744,0.027864396045323807
47.746,0.028747983508978357
47.748,0.028079845345589348
47.75,0.02811943951719474
47.752,0.028531048131686644
47.754,0.028495042647606512
47.756,0.02824758070731199
47.758,0.028695476756357526
47.76,0.028349039406131732
47.762,0.02816375540988135
47.764,0.02835010084153247
47.766,0.02841237397281335
47.768,0.027717761556970755
47.77,0.02796588837921946
47.772,0.02787859591808095
47.774,0.027753880736991785
47.776,0.0280633419668211
47.778,0.028086798898278177
47.78,0.02771344204085354
47.782,0.027687374851090633
47.784,0.027425137958360088
47.786,0.027522267666358215
47.788,0.02754560665240768
47.79,0.027046719143281717
47.792,0.02708171612599332
47.794,0.02688058057656645
47.796,0.026878020574921196
47.798,0.026341219100078535
47.8,0.02674768972346704
47.802,0.02684303212840339
47.804,0.026677974865337142
47.806,0.02648819401318937
47.808,0.02576464172880323
47.81,0.025314154561629276
47.812,0.02606724796321596
47.814,0.025938592047449388
47.816,0.025301314502641253
47.818,0.02539603729082952
47.82,0.025453082767658543
47.822,0.024666309630431017
47.824,0.024686159887138952
47.826,0.024469860430889237
47.828,0.023608400642301262
47.83,0.023925382049846546
47.832,0.023795237001177437
47.834,0.023590747504285952
47.836,0.023497961161569682
47.838,0.022958209461540126
47.84,0.02279061135524623
47.842,0.022697283346184496
47.844,0.02262843193785143
47.846,0.02221246479258469
47.848,0.02208138510718748
47.85,0.022036715289252204
47.852,0.021657240583534104
47.854,0.021265751229793423
47.856,0.021419071703554636
47.858,0.02081583728953303
47.86,0.020460706459257075
47.862,0.020353704007931562
47.864,0.020072955999492558
47.866,0.01934536655981419
47.868,0.019832880673911445
47.87,0.018732781858267832
47.872,0.018339766636359885
47.874,0.01826914868451127
47.876,0.01823571714358113
47.878,0.018190679895687355
47.88,0.01762345419357719
47.882,0.01710645691037751
47.884,0.01675057211202238
47.886,0.016965097840469845
47.888,0.016112755807008612
47.89,0.015719080159490834
47.892,0.015771883964849576
47.894,0.015168039063244675
47.896,0.015010264673457351
47.898,0.015026353751531562
47.9,0.014608816892871905
47.902,0.014190946634940915
47.904,0.013648921044671658
47.906,0.013391855667518682
47.908,0.01348208670128418
47.91,0.012902962227886242
47.912,0.012807941148423763
47.914,0.012204021454904734
47.916,0.01191021295751897
47.918,0.011739883218704028
47.92,0.011235680410288086
47.922,0.010755865071731678
47.924,0.010623011548689151
47.926,0.010329751889112556
47.928,0.009974042096997895
47.93,0.009816555648868642
47.932,0.009610340247022505
47.934,0.008820796231119817
47.936,0.008378880823937805
47.938,0.00852017249700494
47.94,0.007507527953617927
47.942,0.007636151779191347
47.944,0.007554699907791136
47.946,0.006988864397359356
47.948,0.006919071381762133
47.95,0.006341222429431042
47.952,0.005738539888018429
47.954,0.005954385046235583
47.956,0.00516605622576082
47.958,0.005034672917103638
47.96,0.004432126249135162
47.962,0.004201706851226025
47.964,0.003723249748351247
47.966,0.0037160203550962462
47.968,0.0038706241559765056
47.97,0.0031321671949480715
47.972,0.0029762396618211295
47.974,0.0028706205406116656
47.976,0.002045068886264736
47.978,0.002075294511967153
47.98,0.002069114428707927
47.982,0.0017525009511723724
47.984,0.0011753267087311198
47.986,0.0009828519361494027
47.988,0.000666130515545104
47.99,-0.0001219773183165386
47.992,0.00018190020179723564
47.994,-0.0009283458671705113
47.996,-0.0005255014083366642
47.998,-0.0005937079102127096
48.0,-0.0013565760401313184
48.002,-0.0012636784264641165
48.004,-0.0016793556955847326
48.006,-0.0016488902810595975
48.008,-0.001816749317753847
48.01,-0.0015378221383348153
48.012,-0.002549774470075228
48.014,-0.0022708696846034573
48.016,-0.002810837194506916
48.018,-0.00291681417660878
48.02,-0.0032950579615783765
48.022,-0.003772563374690438
48.024,-0.00396567222293797
48.026,-0.003947309835092196
48.028,-0.004388180840523753
48.03,-0.00458136045601585
48.032,-0.004972654717532526
48.034,-0.00459427688071814
48.036,-0.004799679419298963
48.038,-0.005017728605902367
48.04,-0.005781117223745134
48.042,-0.005887675549550544
48.044,-0.005957044209692222
48.046,-0.0059266788105637735
48.048,-0.00656714077074662
48.05,-0.006884271256074924
48.052,-0.00629586336944579
48.054,-0.007270541032937141
48.056,-0.0070667175012942285
48.058,-0.007197185556734835
48.06,-0.007738204895562661
48.062,-0.007832276915380102
48.064,-0.0075288396601431995
48.066,-0.007634911877104704
48.068,-0.00829946791891197
48.07,-0.008393324490859694
48.072,-0.008437752495045789
48.074,-0.008754893420980738
48.076,-0.008414211817116088
48.078,-0.009364061882253043
48.08,-0.009160236399608383
48.082,-0.009092277719831461
48.084,-0.00991772764911608
48.086,-0.009899825089460246
48.088,-0.010154499136967848
48.09,-0.009751510891439092
48.092,-0.010539570157069782
48.094,-0.010235953873919856
48.096,-0.011148036395635672
48.098,-0.011129704467471968
48.1,-0.010627077376142033
48.102,-0.011166844781985534
48.104,-0.011458721660027437
48.106,-0.011278342278999015
48.108,-0.011942081314224945
48.11,-0.011539119154316612
48.112,-0.012202186624448842
48.114,-0.012059238782563694
48.116,-0.012275815388900924
48.118,-0.012380568601302698
48.12,-0.01288275348470408
48.122,-0.01292573890024392
48.124,-0.012521429153616538
48.126,-0.0130605378212455
48.128,-0.013252023094939001
48.13,-0.013480917841829908
48.132,-0.013709402451528617
48.134,-0.01351676743352563
48.136,-0.013335899221387379
48.138,-0.014097594358570416
48.14,-0.014412936151768037
48.142,-0.014541483641939294
48.144,-0.014645414960952311
48.146,-0.01436460962928661
48.148,-0.014430731343245887
48.15,-0.01515437664628669
48.152,-0.015071447256690731
48.154,-0.015447170557075396
48.156,-0.01567461227171641
48.158,-0.015393229733281104
48.16,-0.015558160114596651
48.162,-0.015586515813265452
48.164,-0.016098261374742046
48.166,-0.01612610659922624
48.168,-0.01578183823996478
48.17,-0.01645466868457006
48.172,-0.01645700396700811
48.174,-0.01645985853283338
48.176,-0.016797835818609295
48.178,-0.016737695754405802
48.18,-0.016864250178384728
48.182,-0.01706500513450212
48.184,-0.016805655987393343
48.186,-0.016745771378417033
48.188,-0.017690401417463312
48.19,-0.017220446094542156
48.192,-0.01722210024481841
48.194,-0.017856007085075287
48.196,-0.01767048073119691
48.198,-0.017795400154212236
48.2,-0.017759044035439958
48.202,-0.01748678844880614
48.204,-0.018046065392312793
48.206,-0.01810850913169417
48.208,-0.017885652544073156
48.21,-0.01814658150357562
48.212,-0.018866310126085684
48.214,-0.0181096153646503
48.216,-0.01827113007641231
48.218,-0.019052682493139975
48.22,-0.01841999740004805
48.222,-0.01839517306886483
48.224,-0.0189537440949949
48.226,-0.018618581057858838
48.228,-0.018891552279134964
48.23,-0.01886651250407803
48.232,-0.018481412152268457
48.234,-0.018865496488441505
48.236,-0.01915065226584392
48.238,-0.019014106847113084
48.24,-0.01892733371876246
48.242,-0.01933662222145141
48.244,-0.018890009528007096
48.246,-0.019361891322745198
48.248,-0.019746736476794605
48.25,-0.019300070624520924
48.252,-0.019052052287402706
48.254,-0.019238220366538824
48.256,-0.018890850066724505
48.258,-0.01952403708226543
48.26,-0.019871537886688086
48.262,-0.019524313568903544
48.264,-0.019462994418622107
48.266,-0.01942622708919043
48.268,-0.01934010640578332
48.27,-0.019465143896872324
48.272,-0.019304633218801097
48.274,-0.018994998277663544
48.276,-0.019492405676856252
48.278,-0.01961788450728833
48.28,-0.018874467316412326
48.282,-0.019310131366965487
48.284,-0.01955902504056621
48.286,-0.019063580345206506
48.288,-0.019003028419747495
48.29,-0.01994697701643694
48.292,-0.01929015524616395
48.294,-0.019068299732305158
48.296,-0.019293290864470937
48.298,-0.01913358166963433
48.3,-0.018887628921022095
48.302,-0.018889675845407475
48.304,-0.019424861333899344
48.306,-0.01908028743444977
48.308,-0.019107452968237553
48.31,-0.018923618165032935
48.312,-0.018963987660200545
48.314,-0.018843042712481654
48.316,-0.018783750444753375
48.318,-0.018625689848024693
48.32,-0.018380815667550367
48.322,-0.01863197919204168
48.324,-0.018697599162757372
48.326,-0.01857742860667047
48.328,-0.018357485955349404
48.33,-0.018485970659343633
48.332,-0.018428402878493313
48.334,-0.01824605405135987
48.336,-0.018312385596524736
48.338,-0.01850302661488701
48.34,-0.018321305338214924
48.342,-0.018363502475799185
48.344,-0.01820728517049694
48.346,-0.018113092313417074
48.348,-0.018255317011452693
48.35,-0.018347456357510894
48.352,-0.017857053018924353
48.354,-0.01817307240028846
48.356,-0.018142286279824997
48.358,-0.017552604997194302
48.36,-0.017881380170778005
48.362,-0.017763740891485184
48.364,-0.017546949127347812
48.366,-0.01761572879444981
48.368,-0.017659570951732227
48.37,-0.017752950813980282
48.372,-0.01785918713244273
48.374,-0.01735796923778889
48.376,-0.01799752880834046
48.378,-0.017781596992948574
48.38,-0.017417184450953888
48.382,-0.01730087158195682
48.384,-0.017904552342001306
48.386,-0.01727997166615229
48.388,-0.017597804779185003
48.39,-0.017420366106673857
48.392,-0.01708105705721027
48.394,-0.01700227073768735
48.396,-0.0171973878573958
48.398,-0.017144428566185775
48.4,-0.016780759996924403
48.402,-0.017001094856904393
48.404,-0.016290893076195676
48.406,-0.016609756373079973
48.408,-0.016680605217087745
48.41,-0.016156387460366857
48.412,-0.01607848348253768
48.414,-0.016050574862021792
48.416,-0.0164442659045135
48.418,-0.016131067289333483
48.42,-0.015867554221276947
48.422,-0.016286611725318922
48.424,-0.015440678698562296
48.426,-0.015574744475672406
48.428,-0.01574593384186404
48.43,-0.01485069464129304
48.432,-0.015667254245587778
48.434,-0.01555323916423877
48.436,-0.015067879672970276
48.438,-0.014793466830623473
48.44,-0.015052354517518029
48.442,-0.014629041009278324
48.444,-0.014478922856154106
48.446,-0.014527080448155368
48.448,-0.014538396218648744
48.45,-0.014078596676125738
48.452,-0.014152182683723216
48.454,-0.013878591418264356
48.456,-0.013580223741887016
48.458,-0.013220275341903889
48.46,-0.013443363785747538
48.462,-0.013306923660830552
48.464,-0.013033722969150934
48.466,-0.013009030022396992
48.468,-0.012550570474914388
48.47,-0.011943419531498316
48.472,-0.012365868261079853
48.474,-0.011808526463858795
48.476,-0.011858909114860119
48.478,-0.011710852527770139
48.48,-0.011191537411879565
48.482,-0.011391485655300284
48.484,-0.01128131944584448
48.486,-0.011332775097198475
48.488,-0.010838540221749876
48.49,-0.010914743051266915
48.492,-0.010334313006329013
48.494,-0.010125820666356748
48.496,-0.009768998039342135
48.498,-0.010540762687722725
48.5,-0.010333220965144878
48.502,-0.009504784080399807
48.504,-0.009520651494026965
48.506,-0.009412418570661718
48.508,-0.008919324221392983
48.51,-0.009320295269397575
48.512,-0.009584394212177999
48.514,-0.008471765455328652
48.516,-0.008612246171676717
48.518,-0.0087156115760074
48.52,-0.007864086453535491
48.522,-0.008091970794270978
48.524,-0.008083868064747327
48.526,-0.007592064998231276
48.528,-0.00780764403228526
48.53,-0.00756473081126492
48.532,-0.007333795065439987
48.534,-0.007128476864740536
48.536,-0.007592287427947781
48.538,-0.006915021580236548
48.54,-0.007466250230697748
48.542,-0.006640540512198511
48.544,-0.006534192414748834
48.546,-0.006701177716570484
48.548,-0.006979501582498635
48.55,-0.006612600336209605
48.552,-0.006544055536144958
48.554,-0.006748459110376614
48.556,-0.006319975604359129
48.558,-0.006029106206903681
48.56,-0.006171232706222066
48.562,-0.005570062644771825
48.564,-0.005427940088487022
48.566,-0.006265841121283739
48.568,-0.00518059484406108
48.57,-0.0058573430550208465
48.572,-0.0056038759539632325
48.574,-0.004990372212216912
48.576,-0.005320162958653011
48.578,-0.0055630533680967095
48.58,-0.0052717494845040454
48.582,-0.00519196401516773
48.584,-0.005248949117929924
48.586,-0.004635786041541868
48.588,-0.004878669611178393
48.59,-0.004650438737928407
48.592,-0.005042542123090616
48.594,-0.004492130196235447
48.596,-0.004797802947372887
48.598,-0.0044704531737057365
48.6,-0.004403849186922305
48.602,-0.004672008549460156
48.604,-0.00487898460797264
48.606,-0.0044651761736485655
48.608,-0.004696404585149267
48.61,-0.004381819402914312
48.612,-0.004426994992578058
48.614,-0.004075218956538115
48.616,-0.0045299284676216505
48.618,-0.0040538526267277705
48.62,-0.004607846488801526
48.622,-0.0040946797841126484
48.624,-0.0038917977674063926
48.626,-0.004258945373747689
48.628,-0.0035218306850546294
48.63,-0.0032567096254031303
48.632,-0.003810089097890098
48.634,-0.0033960160855325133
48.636,-0.0035155286202984103
48.638,-0.0034984027861038706
48.64,-0.003084091599931914
48.642,-0.003252827918925394
48.644,-0.0033720010837436556
48.646,-0.0030440517237573274
48.648,-0.0024309011676377328
48.65,-0.0029836502745257364
48.652,-0.0025067610124533055
48.654,-0.0027497918829189408
48.656,-0.002706951517291273
48.658,-0.001932296708777096
48.66,-0.0018275398349987867
48.662,-0.002032684362489814
48.664,-0.0011828948267147074
48.666,-0.0009781908380630845
48.668,-0.00115839546346801
48.67,-0.0010525544971352746
48.672,-0.0003767452018021474
48.674,-0.0011517514136324594
48.676,-0.00016509533042841085
48.678,-0.0001459760930491421
48.68,-0.0006355911140820628
48.682,-0.000467434029890813
48.684,0.00045753663804608616
48.686,0.00031529869192643833
48.688,0.00023573198190009366
48.69,0.0005279318825924251
48.692,3.8694937459978276e-05
48.694,0.0005916583293199343
48.696,0.001516261149081384
48.698,0.0009036374027383363
48.7,0.0014445381092718056
48.702,0.0018359084335169574
48.704,0.0016326406631860836
48.706,0.0023971695435339273
48.708,0.002317584794840207
48.71,0.0021764745289930363
48.712,0.0025936274273110956
48.714,0.0028865580252589243
48.716,0.0022746785705887625
48.718,0.003175726585778138
48.72,0.0033442242186791996
48.722,0.0030172741865746606
48.724,0.0037201555903636236
48.726,0.003790098380096041
48.728,0.0038356265218058736
48.73,0.004165737118390231
48.732,0.004309744125893064
48.734,0.0037598682536050844
48.736,0.004648987923104711
48.738,0.004892459178347992
48.74,0.005210983627726534
48.742,0.0054551884140974765
48.744,0.0054384978431551295
48.746,0.005285804592222169
48.748,0.006473025594365528
48.75,0.005699956024410382
48.752,0.0057458578903487375
48.754,0.006821330952420355
48.756,0.0073383697560797795
48.758,0.006639972812815527
48.76,0.0069342420846655525
48.762,0.007141808865336156
48.764,0.007472993112869293
48.766,0.00760609271537685
48.768,0.007652204807723965
48.77,0.007673198288012531
48.772,0.008153656261137659
48.774,0.008236684531295148
48.776,0.008219988303280207
48.778,0.00898576225441551
48.78,0.008659825871214548
48.782,0.008730768722108883
48.784,0.00916160386703858
48.786,0.009455417775534108
48.788,0.008905873977065994
48.79,0.009994149315790084
48.792,0.009469840242255827
48.794,0.009863411402816873
48.796,0.009748370974296395
48.798,0.010551244956694393
48.8,0.010038900544816065
48.802,0.010928720447952118
48.804,0.010788813839928727
48.806,0.010772928642823813
48.808,0.01100519760189212
48.81,0.010840001283567217
48.812,0.01043968920233462
48.814,0.011490565609942577
48.816,0.011413135292604874
48.818,0.011273062561010823
48.82,0.011691701104371212
48.822,0.011961185037770961
48.824,0.011597968206265009
48.826,0.01202909868877444
48.828,0.012100069031752795
48.83,0.012059623629705573
48.832,0.012576918519795609
48.834,0.0124615869976273
48.836,0.012358765807456387
48.838,0.012715014950281876
48.84,0.012661062619909957
48.842,0.01278128956459238
48.844,0.01307579492219128
48.846,0.012811176844554814
48.848,0.013204404119894769
48.85,0.013585125846113238
48.852,0.013419687001232203
48.854,0.012993947627209707
48.856,0.013945456429540252
48.858,0.013780702741490573
48.86,0.013726685618205526
48.862,0.013647824905838955
48.864,0.013693248448546705
48.866,0.013924497734840266
48.868,0.014441481943540817
48.87,0.014213909934788216
48.872,0.014159555394896151
48.874,0.014242009031157327
48.876,0.014224827313102217
48.878,0.013388822867104444
48.88,0.01453746287398319
48.882,0.013887260580491704
48.884,0.013993811451165447
48.886,0.014162606571918507
48.888,0.014182580064629004
48.89,0.014450543223003235
48.892,0.014494659927161077
48.894,0.013658652652627008
48.896,0.014112691789011415
48.898,0.013871747536114502
48.9,0.013295539883946253
48.902,0.013587787353985192
48.904,0.013656919506670882
48.906,0.013961333914430893
48.908,0.013943588888953537
48.91,0.013416970034634417
48.912,0.013051587591233777
48.914,0.013318821558751612
48.916,0.013275973905219896
48.918,0.013815850025244016
48.92,0.012705907341401399
48.922,0.013096777152393345
48.924,0.013413364473204865
48.926,0.012526678204934864
48.928,0.012905315090840083
48.93,0.013110216429621822
48.932,0.012186326137363996
48.934,0.012453014413866807
48.936,0.012112034985403978
48.938,0.011882399340486998
48.94,0.012136582064530454
48.942,0.01205543704364823
48.944,0.011218111290827342
48.946,0.011769534306567287
48.948,0.011874564402556381
48.95,0.011297729850522893
48.952,0.011278771899218073
48.954,0.011408650358831731
48.956,0.010769663071521706
48.958,0.0112220415357895
48.96,0.010942561186200546
48.962,0.011022440274503099
48.964,0.010816899020477375
48.966,0.010946217004542952
48.968,0.01026891159932721
48.97,0.010286542405229743
48.972,0.010614554647025778
48.974,0.009962047432607425
48.976,0.010351874397339318
48.978,0.010431554772989685
48.98,0.009592911791326764
48.982,0.009883343235567336
48.984,0.009900687991825285
48.986,0.00965747698617454
48.988,0.009861091416417294
48.99,0.0098042244304057
48.992,0.009375194855312583
48.994,0.0093552458489801
48.996,0.009521305070748913
48.998,0.0092288663977419
49.0,0.009145294624072823
49.002,0.009334584687624168
49.004,0.00916410258839593
49.006,0.009576597326388114
49.008,0.009455654901600713
49.01,0.009123795314033735
49.012,0.009858689563687175
49.014,0.009055379650561034
49.016,0.009182372574655314
49.018,0.00934654033597001
49.02,0.008667156934505128
49.022,0.008583135362096104
49.024,0.009441376086918089
49.026,0.008823269423956103
49.028,0.009110705962520834
49.03,0.00937288526105384
49.032,0.008940205071802874
49.034,0.008420293993069634
49.036,0.009054377756422552
49.038,0.00925408654437911
49.04,0.008845745069326921
49.042,0.009267739176420832
49.044,0.009329885509017482
49.046,0.008746916329854136
49.048,0.009726948739829893
49.05,0.008845640608075625
49.052,0.00875790311241351
49.054,0.00879479084824814
49.056,0.00874386437701808
49.058,0.00808530802140065
49.06,0.009188068215961288
49.062,0.008690078969691
49.064,0.00812996933653584
49.066,0.008289619919892412
49.068,0.008523582828651826
49.07,0.008273095420456436
49.072,0.008493878625376178
49.074,0.008255640093760697
49.076,0.007781389198237369
49.078,0.008262622682062935
49.08,0.008135074833948685
49.082,0.007449515101447067
49.084,0.007706762120921715
49.086,0.007801916584580425
49.088,0.007425705449765849
49.09,0.007210491789105365
49.092,0.007305785545755813
49.094,0.007177000009427484
49.096,0.007122936689610887
49.098,0.007154785100791537
49.1,0.006405148813399004
49.102,0.006846854944316404
49.104,0.00700270263440288
49.106,0.006091452735806281
49.108,0.006656523177597541
49.11,0.006600690302433997
49.112,0.005875406744681288
49.114,0.006005363869973777
49.116,0.005874954072916859
49.118,0.005496228112751293
49.12,0.005973307378088468
49.122,0.005718005365431881
49.124,0.0049664606162400735
49.126,0.005530199284359198
49.128,0.0051506395116473975
49.13,0.0053042782511516255
49.132,0.004837448340034718
49.134,0.005461979778296676
49.136,0.004771813944558876
49.138,0.004478758451208934
49.14,0.004668721440104988
49.142,0.0038163590650931952
49.144,0.004043067140359367
49.146,0.0037486605410283814
49.148,0.003318083382984351
49.15,0.0032843687131803257
49.152,0.003051439688459461
49.154,0.00254569190322735
49.156,0.0031063467161253546
49.158,0.002823252878402224
49.16,0.0025776384819660497
49.162,0.0023442574728707788
49.164,0.0018751461148526737
49.166,0.0017156210912284194
49.168,0.0016428957186813307
49.17,0.0015829017254831382
49.172,0.000827563027717756
49.174,0.0012878687562543146
49.176,0.0013511989110928163
49.178,0.00027296882689859404
49.18,0.0007081352069683525
49.182,0.0004485120373160763
49.184,-0.0007168650077325591
49.186,0.00028881261328098616
49.188,-0.00015680330144148772
49.19,-0.000603386648003878
49.192,-0.00045408463919339743
49.194,-0.0009622382040809759
49.196,-0.0016571094105986795
49.198,-0.001371860276728528
49.2,-0.0015084905926803097
49.202,-0.001769149319492987
49.204,-0.001396920992631094
49.206,-0.0020920658818249036
49.208,-0.0022538782827787084
49.21,-0.0022294232804075933
49.212,-0.0023913140914947773
49.214,-0.0027772091575987007
49.216,-0.0026289738533447375
49.218,-0.002853055261649972
49.22,-0.0030531229629339827
49.222,-0.003054104269884085
49.224,-0.0027201463753074697
49.226,-0.003317111696786554
49.228,-0.0031446679266290316
49.23,-0.003518312357542193
49.232,-0.003941577586928639
49.234,-0.003818664274129028
49.236,-0.0036093106509115895
49.238,-0.003673167616377224
49.24,-0.003563243891804655
49.242,-0.0036641190276434296
49.244,-0.0037282086282891527
49.246,-0.003295687648786779
49.248,-0.003595513172053395
49.25,-0.003970178484802284
49.252,-0.003885433217403077
49.254,-0.003961715671554075
49.256,-0.004063019613489048
49.258,-0.0036678020761750233
49.26,-0.0040175021804911264
49.262,-0.00420631481155224
49.264,-0.0035636760632644588
49.266,-0.003975390850712697
49.268,-0.003791664049021832
49.27,-0.0034962261077423097
49.272,-0.003907977616284723
49.274,-0.0041955536595641545
49.276,-0.003515265486331854
49.278,-0.003306868591093317
49.28,-0.003966931145676714
49.282,-0.0034478257175146127
49.284,-0.004182039629284334
49.286,-0.004283876966899969
49.288,-0.0036533641739179556
49.29,-0.003915945016572062
49.292,-0.004650843191165985
49.294,-0.003846940196201222
49.296,-0.003663059698011442
49.298,-0.0038267378504427962
49.3,-0.003332840437711069
49.302,-0.0034961407465295483
49.304,-0.003820726629046086
49.306,-0.002942610952393549
49.308,-0.003366643896392117
49.31,-0.003530227189313518
49.312,-0.0027881001418470627
49.314,-0.0027654859308159294
49.316,-0.0032761733174588767
49.318,-0.002806844339737945
49.32,-0.0028831697968539323
49.322,-0.0031081229755201257
49.324,-0.0026138795800322292
49.326,-0.002467033696304328
49.328,-0.0030023295101506103
49.33,-0.002036467820771873
49.332,-0.0019514656811151698
49.334,-0.002896007077194487
49.336,-0.002277398232786048
49.338,-0.0021302369001376057
49.34,-0.0023554170552731344
49.342,-0.0017989368700208081
49.344,-0.001775899421303702
49.346,-0.0019139864074235158
49.348,-0.001258089866342286
49.35,-0.001706355262595479
49.352,-0.0013112129458334428
49.354,-0.0012505204984737607
49.356,-0.0008180034150219264
49.358,-0.0015763147424309883
49.36,-0.0010811768383433024
49.362,-0.0010577566857758519
49.364,-0.0009721982307825841
49.366,-0.0007623922725642968
49.368,-0.0009620138261060068
49.37,-0.0011864981161829372
49.372,-0.0006916147931447384
49.374,-0.0004077261447036993
49.376,-0.000892434978052626
49.378,-0.000645911353131579
49.38,-0.0001883103248856129
49.382,-0.00035057304216587655
49.384,0.000181922542979677
49.386,-0.00014211225076763215
49.388,-0.0004903306501810316
49.39,0.0003767655864977211
49.392,-0.00035615783643567003
49.394,-0.0002948498800201668
49.396,0.0005480193158840915
49.398,0.0005099570240043778
49.4,-6.14589035114561e-05
49.402,0.0007816014234464804
49.404,0.00048322548739566907
49.406,-1.2927341034518801e-05
49.408,1.1584466627445047e-05
49.41,0.00028411876252941253
49.412,-6.306964813381074e-05
49.414,0.00027207308079162107
49.416,0.00011104739885615749
49.418,0.00016051202733852036
49.42,0.00018546325994500267
49.422,0.0004959815462260543
49.424,0.0006448113677001565
49.426,0.000583604660431246
49.428,0.000547068403440301
49.43,0.0007584475337902593
49.432,0.0006978146858467545
49.434,0.0004626967696996973
49.436,0.001058793255878558
49.438,0.0012460196727549651
49.44,0.0009869498308184286
49.442,0.000926090463035982
49.444,0.0012625959878891436
49.446,0.0009790174779053863
49.448,0.0012784020313864077
49.45,0.001404106011169371
49.452,0.0014310292464251055
49.454,0.001495088969920844
49.456,0.0014601811347035394
49.458,0.0019217505159979666
49.46,0.0018006611517661641
49.462,0.002014267524525614
49.464,0.0015953770748357572
49.466,0.001945836066432857
49.468,0.002221896647169062
49.47,0.0024735924833780374
49.472,0.0023165524262086356
49.474,0.0024691978043321844
49.476,0.0023370876387277056
49.478,0.0023413747365880052
49.48,0.003127297399611386
49.482,0.0028345473560695755
49.484,0.002864105824743793
49.486,0.0030302226957439286
49.488,0.003183886730308743
49.49,0.0029659032830835915
49.492,0.0036781923240984437
49.494,0.0034607105966100427
49.496,0.003876076372346661
49.498,0.0037087783026569492
49.5,0.004247768815113335
49.502,0.00349688683079474
49.504,0.004247791930120745
49.506,0.00409314145574869
49.508,0.003777349283802454
49.51,0.004690099630066252
49.512,0.004163510286747876
49.514,0.00428170751758359
49.516,0.004438226847048918
49.518,0.004569796626792211
49.52,0.004726074119550733
49.522,0.00488319347117863
49.524,0.004643156559797779
49.526,0.004489948949843745
49.528,0.004920253758199646
49.53,0.005275914791059286
49.532,0.004800720489981108
49.534,0.005466968467352725
49.536,0.00484335384804926
49.538,0.004814697601101683
49.54,0.005258099686549954
49.542,0.005167553331167299
49.544,0.005077824059429244
49.546,0.005360353190017107
49.548,0.005047287995658161
49.55,0.004870406987840917
49.552,0.00537613462210983
49.554,0.005373353395967399
49.556,0.005134680682040995
49.558,0.006198928548262687
49.56,0.005043040630996111
49.562,0.005896563263907601
49.564,0.005993999903540614
49.566,0.005967542108336707
49.568,0.005468880857316859
49.57,0.005914046929701851
49.572,0.006048430585231942
49.574,0.005761321294436602
49.576,0.0062066884978752715
49.578,0.006056310337406092
49.58,0.005211043526315779
49.582,0.005780190931737197
49.584,0.006101331864359659
49.586,0.005702950060446899
49.588,0.005900604650868049
49.59,0.005936770690568164
49.592,0.006122018908817974
49.594,0.006257259825097997
